{"Code":200,"Msg":"Get Successfully!","Data":[{"_id":"5d7b0f41c8b49a1a38e737fb","metadata":{"generator":"OptionsSerializer","type":"Object","version":"0.0.1"},"server":"http://localhost:2000","sceneType":"Empty","shadowMapType":2,"gammaInput":false,"gammaOutput":false,"gammaFactor":2,"hueRotate":0,"saturate":1,"brightness":1,"blur":0,"contrast":1,"grayscale":0,"invert":0,"sepia":0},{"_id":"5d7b0f41c8b49a1a38e737fc","metadata":{"generator":"PerspectiveCameraSerializer","type":"Object","version":"0.0.1"},"castShadow":false,"children":["5BE733E9-9290-49EF-ABB2-D7137DAF5842"],"frustumCulled":true,"layers":{"mask":1},"matrix":{"elements":[0.99998542995134843,0,-0.00539813718025432,0,-0.0010186216673043439,0.98203502315747648,-0.18869598750899186,0,0.0053011597708182865,0.18869873685876837,0.98202071485941145,0,-0.9598672399806889,138.02915452729258,259.83527380952239,1]},"matrixAutoUpdate":true,"matrixWorld":{"elements":[0.99998542995134843,0,-0.00539813718025432,0,-0.0010186216673043439,0.98203502315747648,-0.18869598750899186,0,0.0053011597708182865,0.18869873685876837,0.98202071485941145,0,-0.9598672399806889,138.02915452729258,259.83527380952239,1]},"matrixWorldNeedsUpdate":false,"modelViewMatrix":{"elements":[1,0,0,0,0,1,0,0,0,0,1,0,0,0,0,1]},"name":"DefaultCamera","normalMatrix":{"elements":[1,0,0,0,1,0,0,0,1]},"parent":null,"position":{"x":-0.9598672399806889,"y":138.02915452729258,"z":259.83527380952239},"quaternion":{"x":-0.094775645519379725,"y":0.0026869288563591371,"z":0.00025580783149665895,"w":0.995494998476667},"receiveShadow":false,"renderOrder":0,"rotation":{"x":-0.18983960944983352,"y":0.0053011846002581605,"z":0.0010186361565687368,"order":"XYZ"},"scale":{"x":1,"y":1,"z":1},"type":"PerspectiveCamera","up":{"x":0,"y":1,"z":0},"userData":{"isDefault":true,"control":"OrbitControls"},"uuid":"4E5AA108-71FA-405A-B492-BF48B2ABFCCB","visible":true,"isObject3D":true,"matrixWorldInverse":{"elements":[0.99998542995134843,-0.0010186216673043439,0.0053011597708182857,0,-2.1684043449710089E-19,0.98203502315747637,0.1886987368587684,0,-0.0053981371802543209,-0.18869598750899186,0.98202071485941156,0,2.3624797069610484,-86.520568123027942,-281.20446003150408,1]},"projectionMatrix":{"elements":[1.1615432125569514,0,0,0,0,2.1445069205095586,0,0,0,0,-1.0000200002000021,-1,0,0,-0.20000200002000021,0]},"aspect":1.8462566844919786,"far":10000,"filmGauge":35,"filmOffset":0,"focus":10,"fov":50,"near":0.1,"view":null,"zoom":1},{"_id":"5d7b0f41c8b49a1a38e737fd","metadata":{"generator":"WebGLRendererSerializer","type":"Object","version":"0.0.1"},"antialias":true,"autoClear":false,"autoClearColor":true,"autoClearDepth":true,"autoClearStencil":true,"autoUpdateScene":false,"clippingPlanes":[],"gammaFactor":2,"gammaInput":false,"gammaOutput":false,"localClippingEnabled":false,"physicallyCorrectLights":false,"shadowMap":{"metadata":{"generator":"WebGLShadowMapSerializer","type":"Object","version":"0.0.1"},"autoUpdate":true,"enabled":true,"needsUpdate":false,"type":2},"sortObjects":true,"toneMapping":1,"toneMappingExposure":1,"toneMappingWhitePoint":1},{"_id":"5d7b0f41c8b49a1a38e737fe","metadata":{"generator":"AnimationSerializer","type":"Object","version":"0.0.1"},"id":null,"uuid":"813A16B2-AFE7-4BDB-9F14-35260E1404FA","layer":0,"layerName":"AnimLayer1","animations":[]},{"_id":"5d7b0f41c8b49a1a38e737ff","metadata":{"generator":"AnimationSerializer","type":"Object","version":"0.0.1"},"id":null,"uuid":"1225A855-E847-475B-928D-DF870EB5645B","layer":1,"layerName":"AnimLayer2","animations":[]},{"_id":"5d7b0f41c8b49a1a38e73800","metadata":{"generator":"AnimationSerializer","type":"Object","version":"0.0.1"},"id":null,"uuid":"5CAC29F2-ECA1-4E5F-980E-6081EB0AA6A8","layer":2,"layerName":"AnimLayer3","animations":[]},{"_id":"5d7b0f41c8b49a1a38e73801","metadata":{"generator":"AudioListenerSerializer","type":"Object","version":"0.0.1"},"castShadow":false,"children":[],"frustumCulled":true,"layers":{"mask":1},"matrix":{"elements":[1,0,0,0,0,1,0,0,0,0,1,0,0,0,0,1]},"matrixAutoUpdate":true,"matrixWorld":{"elements":[0.99998542995134843,0,-0.00539813718025432,0,-0.0010186216673043439,0.98203502315747648,-0.18869598750899186,0,0.0053011597708182865,0.18869873685876837,0.98202071485941145,0,-0.9598672399806889,138.02915452729258,259.83527380952239,1]},"matrixWorldNeedsUpdate":false,"modelViewMatrix":{"elements":[1,0,0,0,0,1,0,0,0,0,1,0,0,0,0,1]},"name":"AudioListener","normalMatrix":{"elements":[1,0,0,0,1,0,0,0,1]},"parent":"4E5AA108-71FA-405A-B492-BF48B2ABFCCB","position":{"x":0,"y":0,"z":0},"quaternion":{"x":0,"y":0,"z":0,"w":1},"receiveShadow":false,"renderOrder":0,"rotation":{"x":0,"y":0,"z":0,"order":"XYZ"},"scale":{"x":1,"y":1,"z":1},"type":"AudioListener","up":{"x":0,"y":1,"z":0},"userData":{},"uuid":"5BE733E9-9290-49EF-ABB2-D7137DAF5842","visible":true,"isObject3D":true,"masterVolume":1},{"_id":"5d7b0f41c8b49a1a38e73802","metadata":{"generator":"VisualSerializer","type":"Object","version":"0.0.1"},"data":[]},{"_id":"5d7b0f41c8b49a1a38e73803","metadata":{"generator":"SceneSerializer","type":"Object","version":"0.0.1"},"castShadow":false,"children":["0B11F1AF-1C69-4289-A49E-A674EA995308","8BE24739-AE6D-41E6-9921-5F53B1E8E6EC","7375B3EB-A362-45FB-A36C-9221AC8E188C"],"frustumCulled":true,"layers":{"mask":1},"matrix":{"elements":[1,0,0,0,0,1,0,0,0,0,1,0,0,0,0,1]},"matrixAutoUpdate":true,"matrixWorld":{"elements":[1,0,0,0,0,1,0,0,0,0,1,0,0,0,0,1]},"matrixWorldNeedsUpdate":false,"modelViewMatrix":{"elements":[1,0,0,0,0,1,0,0,0,0,1,0,0,0,0,1]},"name":"Scene","normalMatrix":{"elements":[1,0,0,0,1,0,0,0,1]},"parent":null,"position":{"x":0,"y":0,"z":0},"quaternion":{"x":0,"y":0,"z":0,"w":1},"receiveShadow":false,"renderOrder":0,"rotation":{"x":0,"y":0,"z":0,"order":"XYZ"},"scale":{"x":1,"y":1,"z":1},"type":"Scene","up":{"x":0,"y":1,"z":0},"userData":{"children":[{"uuid":"0B11F1AF-1C69-4289-A49E-A674EA995308","children":[]},{"uuid":"8BE24739-AE6D-41E6-9921-5F53B1E8E6EC","children":[]},{"uuid":"7375B3EB-A362-45FB-A36C-9221AC8E188C","children":[{"uuid":"50FE631E-1458-447B-8861-E881CBB5491F","children":[]},{"uuid":"FC75D6A4-177E-4FCD-AB58-80BA815E9D4B","children":[]},{"uuid":"EF825AAB-A8B9-40EA-8053-35E12323C099","children":[]},{"uuid":"5A2913AA-28ED-473C-9EE9-8419C1527745","children":[]},{"uuid":"0F04C7B5-5B2D-407A-902C-79879865E631","children":[]},{"uuid":"C12DA95F-8A08-46A7-8087-CD58432C17DD","children":[]},{"uuid":"17AC0D2F-94FC-4995-9163-473212249DAE","children":[]},{"uuid":"741390BB-6E93-4C01-ADDA-36CDEB26F9BA","children":[]},{"uuid":"76B24BD6-7E5C-49F1-939E-8F6D43480BBE","children":[]},{"uuid":"D60C43B1-33D5-47F1-93C5-62C9B07DC5E0","children":[]},{"uuid":"F116E4AA-1A29-4EE2-ADDF-34BF6504DE6E","children":[]},{"uuid":"C03A8BB4-00E3-4A1B-99CA-9AC2607C39E9","children":[]},{"uuid":"08C0D428-AEEE-447C-9EE7-789BED545D90","children":[]},{"uuid":"CC3BE576-A246-4856-8CA0-4366A8E8FA64","children":[]},{"uuid":"58009A59-5364-48F5-A02E-7AFC5A3D2CA4","children":[]}]}]},"uuid":"81F92B0E-93A1-45E4-9A1D-9927C1F7AD22","visible":true,"isObject3D":true,"background":11184810,"fog":null,"overrideMaterial":null},{"_id":"5d7b0f41c8b49a1a38e73804","metadata":{"generator":"AmbientLightSerializer","type":"Object","version":"0.0.1"},"children":[],"frustumCulled":true,"layers":{"mask":1},"matrix":{"elements":[1,0,0,0,0,1,0,0,0,0,1,0,0,0,0,1]},"matrixAutoUpdate":true,"matrixWorld":{"elements":[1,0,0,0,0,1,0,0,0,0,1,0,0,0,0,1]},"matrixWorldNeedsUpdate":false,"modelViewMatrix":{"elements":[1,0,0,0,0,1,0,0,0,0,1,0,0,0,0,1]},"name":"Ambient","normalMatrix":{"elements":[1,0,0,0,1,0,0,0,1]},"parent":"81F92B0E-93A1-45E4-9A1D-9927C1F7AD22","position":{"x":0,"y":0,"z":0},"quaternion":{"x":0,"y":0,"z":0,"w":1},"renderOrder":0,"rotation":{"x":0,"y":0,"z":0,"order":"XYZ"},"scale":{"x":1,"y":1,"z":1},"type":"AmbientLight","up":{"x":0,"y":1,"z":0},"userData":{},"uuid":"0B11F1AF-1C69-4289-A49E-A674EA995308","visible":true,"isObject3D":true,"color":16777215,"intensity":0.84,"isLight":true,"shadow":null,"isAmbientLight":true},{"_id":"5d7b0f41c8b49a1a38e73805","metadata":{"generator":"DirectionalLightSerializer","type":"Object","version":"0.0.1"},"castShadow":true,"children":[],"frustumCulled":true,"layers":{"mask":1},"matrix":{"elements":[1,0,0,0,0,1,0,0,0,0,1,0,-26.354966133091466,143.7205088104738,181.46066242572189,1]},"matrixAutoUpdate":true,"matrixWorld":{"elements":[1,0,0,0,0,1,0,0,0,0,1,0,-26.354966133091466,143.7205088104738,181.46066242572189,1]},"matrixWorldNeedsUpdate":false,"modelViewMatrix":{"elements":[1,0,0,0,0,1,0,0,0,0,1,0,0,0,0,1]},"name":"Directional","normalMatrix":{"elements":[1,0,0,0,1,0,0,0,1]},"parent":"81F92B0E-93A1-45E4-9A1D-9927C1F7AD22","position":{"x":-26.354966133091466,"y":143.7205088104738,"z":181.46066242572189},"quaternion":{"x":0,"y":0,"z":0,"w":1},"renderOrder":0,"rotation":{"x":0,"y":0,"z":0,"order":"XYZ"},"scale":{"x":1,"y":1,"z":1},"type":"DirectionalLight","up":{"x":0,"y":1,"z":0},"userData":{},"uuid":"8BE24739-AE6D-41E6-9921-5F53B1E8E6EC","visible":true,"isObject3D":true,"color":16777215,"intensity":0.46,"isLight":true,"shadow":{"metadata":{"generator":"DirectionalLightShadowSerializer","type":"Object","version":"0.0.1"},"bias":0,"camera":{"metadata":{"generator":"OrthographicCameraSerializer","type":"Object","version":"0.0.1"},"castShadow":false,"children":[],"frustumCulled":true,"layers":{"mask":1},"matrix":{"elements":[0.98961695532026361,0,0.14372989161149249,0,0.0886652334943506,0.78705101324606086,-0.61048274252245749,0,-0.11312275682657166,0.61688791733048953,0.77887902741029524,0,-26.354966133091466,143.7205088104738,181.46066242572189,1]},"matrixAutoUpdate":true,"matrixWorld":{"elements":[0.98961695532026361,0,0.14372989161149249,0,0.0886652334943506,0.78705101324606086,-0.61048274252245749,0,-0.11312275682657166,0.61688791733048953,0.77887902741029524,0,-26.354966133091466,143.7205088104738,181.46066242572189,1]},"matrixWorldNeedsUpdate":false,"modelViewMatrix":{"elements":[1,0,0,0,0,1,0,0,0,0,1,0,0,0,0,1]},"name":"","normalMatrix":{"elements":[1,0,0,0,1,0,0,0,1]},"parent":null,"position":{"x":-26.354966133091466,"y":143.7205088104738,"z":181.46066242572189},"quaternion":{"x":-0.32545618547813293,"y":-0.068108425535138531,"z":-0.02351094874718342,"w":0.94280790673082226},"receiveShadow":false,"renderOrder":0,"rotation":{"x":-0.66985623055148491,"y":-0.11336542427685814,"z":-0.089356917437299718,"order":"XYZ"},"scale":{"x":1,"y":1,"z":1},"type":"OrthographicCamera","up":{"x":0,"y":1,"z":0},"userData":{},"uuid":"9267E655-9C59-427D-BECB-DBF7370BB011","visible":true,"isObject3D":true,"matrixWorldInverse":{"elements":[0.98961695532026372,0.088665233494350612,-0.1131227568265717,0,-1.387778780781446E-17,0.78705101324606108,0.61688791733048953,0,0.14372989161149249,-0.6104827425224576,0.77887902741029547,0,7.1054273576010034E-15,-2.8421709430404014E-14,-232.97669604619193,1.0000000000000002]},"projectionMatrix":{"elements":[0.05,0,0,0,0,0.05,0,0,0,0,-0.0040008001600320064,0,0,0,-1.0004000800160033,1]},"bottom":-20,"far":500,"left":-20,"near":0.1,"right":20,"top":20,"view":null,"zoom":1},"map":{"metadata":{"generator":"WebGLRenderTargetSerializer","type":"Object","version":"0.0.1"},"depthBuffer":true,"depthTexture":null,"height":2048,"scissor":{"x":0,"y":0,"z":2048,"w":2048},"scissorTest":false,"stencilBuffer":true,"texture":{"metadata":{"generator":"TextureSerializer","type":"Object","version":"0.0.1"},"anisotropy":1,"center":{"x":0,"y":0},"encoding":3000,"flipY":true,"format":1023,"generateMipmaps":false,"image":null,"magFilter":1003,"mapping":300,"matrix":{"elements":[1,0,0,0,1,0,0,0,1]},"matrixAutoUpdate":true,"minFilter":1003,"mipmaps":[],"name":"Directional.shadowMap","offset":{"x":0,"y":0},"premultiplyAlpha":false,"repeat":{"x":1,"y":1},"rotation":0,"type":1009,"unpackAlignment":4,"uuid":"CF78FA85-F4E5-44EB-8CE4-E50857D9C04F","version":0,"wrapS":1001,"wrapT":1001,"isTexture":true},"viewport":{"x":0,"y":0,"z":2048,"w":2048},"width":2048,"isWebGLRenderTarget":true},"mapSize":{"x":2048,"y":2048},"matrix":{"elements":[0.024740423883006596,0.0022166308373587655,0.0002262907718075049,0,-3.4694469519536153E-19,0.01967627533115153,-0.0012340226391888169,0,0.0035932472902873124,-0.015262068563061441,-0.0015580696687543419,0,0.50000000000000033,0.49999999999999939,0.46584656140466474,1.0000000000000002]},"radius":0},"isDirectionalLight":true},{"_id":"5d7b0f41c8b49a1a38e73806","metadata":{"generator":"ServerObject","type":"Object","version":"0.0.1"},"castShadow":false,"children":["50FE631E-1458-447B-8861-E881CBB5491F","FC75D6A4-177E-4FCD-AB58-80BA815E9D4B","EF825AAB-A8B9-40EA-8053-35E12323C099","5A2913AA-28ED-473C-9EE9-8419C1527745","0F04C7B5-5B2D-407A-902C-79879865E631","C12DA95F-8A08-46A7-8087-CD58432C17DD","17AC0D2F-94FC-4995-9163-473212249DAE","741390BB-6E93-4C01-ADDA-36CDEB26F9BA","76B24BD6-7E5C-49F1-939E-8F6D43480BBE","D60C43B1-33D5-47F1-93C5-62C9B07DC5E0","F116E4AA-1A29-4EE2-ADDF-34BF6504DE6E","C03A8BB4-00E3-4A1B-99CA-9AC2607C39E9","08C0D428-AEEE-447C-9EE7-789BED545D90","CC3BE576-A246-4856-8CA0-4366A8E8FA64","58009A59-5364-48F5-A02E-7AFC5A3D2CA4"],"frustumCulled":true,"layers":{"mask":1},"matrix":{"elements":[1,0,0,0,0,1,0,0,0,0,1,0,0,0,0,1]},"matrixAutoUpdate":true,"matrixWorld":{"elements":[1,0,0,0,0,1,0,0,0,0,1,0,0,0,0,1]},"matrixWorldNeedsUpdate":false,"modelViewMatrix":{"elements":[1,0,0,0,0,1,0,0,0,0,1,0,0,0,0,1]},"name":"female02","normalMatrix":{"elements":[1,0,0,0,1,0,0,0,1]},"parent":"81F92B0E-93A1-45E4-9A1D-9927C1F7AD22","position":{"x":0,"y":0,"z":0},"quaternion":{"x":0,"y":0,"z":0,"w":1},"receiveShadow":false,"renderOrder":0,"rotation":{"x":0,"y":0,"z":0,"order":"XYZ"},"scale":{"x":1,"y":1,"z":1},"type":"Group","up":{"x":0,"y":1,"z":0},"userData":{"_children":[{"uuid":"50FE631E-1458-447B-8861-E881CBB5491F","children":[]},{"uuid":"FC75D6A4-177E-4FCD-AB58-80BA815E9D4B","children":[]},{"uuid":"EF825AAB-A8B9-40EA-8053-35E12323C099","children":[]},{"uuid":"5A2913AA-28ED-473C-9EE9-8419C1527745","children":[]},{"uuid":"0F04C7B5-5B2D-407A-902C-79879865E631","children":[]},{"uuid":"C12DA95F-8A08-46A7-8087-CD58432C17DD","children":[]},{"uuid":"17AC0D2F-94FC-4995-9163-473212249DAE","children":[]},{"uuid":"741390BB-6E93-4C01-ADDA-36CDEB26F9BA","children":[]},{"uuid":"76B24BD6-7E5C-49F1-939E-8F6D43480BBE","children":[]},{"uuid":"D60C43B1-33D5-47F1-93C5-62C9B07DC5E0","children":[]},{"uuid":"F116E4AA-1A29-4EE2-ADDF-34BF6504DE6E","children":[]},{"uuid":"C03A8BB4-00E3-4A1B-99CA-9AC2607C39E9","children":[]},{"uuid":"08C0D428-AEEE-447C-9EE7-789BED545D90","children":[]},{"uuid":"CC3BE576-A246-4856-8CA0-4366A8E8FA64","children":[]},{"uuid":"58009A59-5364-48F5-A02E-7AFC5A3D2CA4","children":[]}],"physics":{"enabled":false,"type":"rigidBody","shape":"btBoxShape","mass":1,"inertia":{"x":0,"y":0,"z":0}},"ID":"5d7b0edbc8b49a1a38e737f8","Name":"female02","CategoryID":"","CategoryName":"","TotalPinYin":"female","FirstPinYin":"female","Type":"obj","Url":"/Upload/Model/20190913113659/female02.obj","FileName":null,"FileSize":0,"FileType":null,"SaveName":null,"SavePath":null,"AddTime":"0001-01-01 00:00:00","Thumbnail":"","id":"5d7b0edbc8b49a1a38e737f8","src":null,"title":"female02","icon":"model","cornerText":"obj","Server":true,"children":[{"uuid":"50FE631E-1458-447B-8861-E881CBB5491F","children":[]},{"uuid":"FC75D6A4-177E-4FCD-AB58-80BA815E9D4B","children":[]},{"uuid":"EF825AAB-A8B9-40EA-8053-35E12323C099","children":[]},{"uuid":"5A2913AA-28ED-473C-9EE9-8419C1527745","children":[]},{"uuid":"0F04C7B5-5B2D-407A-902C-79879865E631","children":[]},{"uuid":"C12DA95F-8A08-46A7-8087-CD58432C17DD","children":[]},{"uuid":"17AC0D2F-94FC-4995-9163-473212249DAE","children":[]},{"uuid":"741390BB-6E93-4C01-ADDA-36CDEB26F9BA","children":[]},{"uuid":"76B24BD6-7E5C-49F1-939E-8F6D43480BBE","children":[]},{"uuid":"D60C43B1-33D5-47F1-93C5-62C9B07DC5E0","children":[]},{"uuid":"F116E4AA-1A29-4EE2-ADDF-34BF6504DE6E","children":[]},{"uuid":"C03A8BB4-00E3-4A1B-99CA-9AC2607C39E9","children":[]},{"uuid":"08C0D428-AEEE-447C-9EE7-789BED545D90","children":[]},{"uuid":"CC3BE576-A246-4856-8CA0-4366A8E8FA64","children":[]},{"uuid":"58009A59-5364-48F5-A02E-7AFC5A3D2CA4","children":[]}]},"uuid":"7375B3EB-A362-45FB-A36C-9221AC8E188C","visible":true,"isObject3D":true},{"_id":"5d7b0f41c8b49a1a38e73807","metadata":{"generator":"MeshSerializer","type":"Object","version":"0.0.1"},"castShadow":false,"children":[],"frustumCulled":true,"layers":{"mask":1},"matrix":{"elements":[1,0,0,0,0,1,0,0,0,0,1,0,0,0,0,1]},"matrixAutoUpdate":true,"matrixWorld":{"elements":[1,0,0,0,0,1,0,0,0,0,1,0,0,0,0,1]},"matrixWorldNeedsUpdate":false,"modelViewMatrix":{"elements":[0.99998542995134843,-0.0010186216673043439,0.0053011597708182857,0,-2.1684043449710089E-19,0.98203502315747637,0.1886987368587684,0,-0.0053981371802543209,-0.18869598750899186,0.98202071485941156,0,2.3624797069610484,-86.520568123027942,-281.20446003150408,1]},"name":"mesh1.002_mesh1-geometry__03_-_Default1noCulli__03_-_Default1noCulli","normalMatrix":{"elements":[0.99998542995134843,-0.0010186216673043439,0.0053011597708182865,0,0.98203502315747648,0.1886987368587684,-0.0053981371802543192,-0.18869598750899189,0.98202071485941145]},"parent":"7375B3EB-A362-45FB-A36C-9221AC8E188C","position":{"x":0,"y":0,"z":0},"quaternion":{"x":0,"y":0,"z":0,"w":1},"receiveShadow":false,"renderOrder":0,"rotation":{"x":0,"y":0,"z":0,"order":"XYZ"},"scale":{"x":1,"y":1,"z":1},"type":"Mesh","up":{"x":0,"y":1,"z":0},"userData":{},"uuid":"50FE631E-1458-447B-8861-E881CBB5491F","visible":true,"isObject3D":true,"drawMode":0,"geometry":{"metadata":{"generator":"BufferGeometrySerializer","type":"Object","version":"0.0.1"},"boundingBox":null,"boundingSphere":{"center":{"x":4.06329345703125,"y":106.59104156494141,"z":6.1222996711730957},"radius":45.858512611031159},"drawRange":{"start":0,"count":null},"groups":[],"morphAttributes":{},"name":"","type":"BufferGeometry","userData":{},"uuid":"9148D7A7-8D39-4612-9739-315949720C6F"},"material":{"metadata":{"generator":"MeshPhongMaterialSerializer","type":"Object","version":"0.0.1"},"alphaMap":null,"alphaTest":0,"aoMap":null,"aoMapIntensity":1,"blendDst":205,"blendDstAlpha":null,"blendEquation":100,"blendEquationAlpha":null,"blendSrc":204,"blendSrcAlpha":null,"blending":1,"bumpMap":null,"bumpScale":1,"clipIntersection":false,"clippingPlanes":null,"color":10724259,"colorWrite":true,"depthFunc":3,"depthTest":true,"depthWrite":true,"displacementBias":0,"displacementMap":null,"displacementScale":1,"dithering":false,"emissive":0,"emissiveIntensity":1,"emissiveMap":null,"envMap":null,"flatShading":false,"fog":true,"lightMap":null,"lightMapIntensity":1,"lights":true,"map":{"metadata":{"generator":"TextureSerializer","type":"Object","version":"0.0.1"},"anisotropy":1,"center":{"x":0,"y":0},"encoding":3000,"flipY":true,"format":1022,"generateMipmaps":true,"image":{"tagName":"img","src":"/Upload/Model/20190913113659/03_-_Default1noCulling.JPG","width":512,"height":512},"magFilter":1006,"mapping":300,"matrix":{"elements":[1,0,0,0,1,0,0,0,1]},"matrixAutoUpdate":true,"minFilter":1008,"mipmaps":[],"name":"","offset":{"x":0,"y":0},"premultiplyAlpha":false,"repeat":{"x":1,"y":1},"rotation":0,"type":1009,"unpackAlignment":4,"uuid":"F6E85A01-4B26-4A97-AFDD-E741DDA74838","version":1,"wrapS":1000,"wrapT":1000,"isTexture":true},"metalnessMap":null,"morphNormals":false,"morphTargets":false,"name":"_03_-_Default1noCulli__03_-_Default1noCulli","normalMap":null,"normalScale":{"x":1,"y":1},"opacity":1,"polygonOffset":false,"polygonOffsetFactor":0,"polygonOffsetUnits":0,"precision":null,"premultipliedAlpha":false,"refractionRatio":0.98,"roughnessMap":null,"shadowSide":null,"side":0,"skinning":false,"transparent":false,"type":"MeshPhongMaterial","userData":{},"uuid":"F5175583-DD48-4FD4-8FCD-0EFF4111A48B","vertexColors":0,"visible":true,"wireframe":false,"wireframeLinecap":"round","wireframeLinejoin":"round","wireframeLinewidth":1,"specular":2763306,"shininess":154.901961}},{"_id":"5d7b0f41c8b49a1a38e73808","metadata":{"generator":"MeshSerializer","type":"Object","version":"0.0.1"},"castShadow":false,"children":[],"frustumCulled":true,"layers":{"mask":1},"matrix":{"elements":[1,0,0,0,0,1,0,0,0,0,1,0,0,0,0,1]},"matrixAutoUpdate":true,"matrixWorld":{"elements":[1,0,0,0,0,1,0,0,0,0,1,0,0,0,0,1]},"matrixWorldNeedsUpdate":false,"modelViewMatrix":{"elements":[0.99998542995134843,-0.0010186216673043439,0.0053011597708182857,0,-2.1684043449710089E-19,0.98203502315747637,0.1886987368587684,0,-0.0053981371802543209,-0.18869598750899186,0.98202071485941156,0,2.3624797069610484,-86.520568123027942,-281.20446003150408,1]},"name":"mesh1.002_mesh1-geometry__02_-_Default1noCulli__02_-_Default1noCulli","normalMatrix":{"elements":[0.99998542995134843,-0.0010186216673043439,0.0053011597708182865,0,0.98203502315747648,0.1886987368587684,-0.0053981371802543192,-0.18869598750899189,0.98202071485941145]},"parent":"7375B3EB-A362-45FB-A36C-9221AC8E188C","position":{"x":0,"y":0,"z":0},"quaternion":{"x":0,"y":0,"z":0,"w":1},"receiveShadow":false,"renderOrder":0,"rotation":{"x":0,"y":0,"z":0,"order":"XYZ"},"scale":{"x":1,"y":1,"z":1},"type":"Mesh","up":{"x":0,"y":1,"z":0},"userData":{},"uuid":"FC75D6A4-177E-4FCD-AB58-80BA815E9D4B","visible":true,"isObject3D":true,"drawMode":0,"geometry":{"metadata":{"generator":"BufferGeometrySerializer","type":"Object","version":"0.0.1"},"boundingBox":null,"boundingSphere":{"center":{"x":3.4519710540771484,"y":155.77579498291016,"z":7.7938388586044312},"radius":10.793921428671378},"drawRange":{"start":0,"count":null},"groups":[{"start":0,"count":4158,"materialIndex":0},{"start":4158,"count":6,"materialIndex":1}],"morphAttributes":{},"name":"","type":"BufferGeometry","userData":{},"uuid":"A52CFB24-279E-492B-A1DA-FB3FE1964665"},"material":[{"metadata":{"generator":"MeshPhongMaterialSerializer","type":"Object","version":"0.0.1"},"alphaMap":null,"alphaTest":0,"aoMap":null,"aoMapIntensity":1,"blendDst":205,"blendDstAlpha":null,"blendEquation":100,"blendEquationAlpha":null,"blendSrc":204,"blendSrcAlpha":null,"blending":1,"bumpMap":null,"bumpScale":1,"clipIntersection":false,"clippingPlanes":null,"color":10724259,"colorWrite":true,"depthFunc":3,"depthTest":true,"depthWrite":true,"displacementBias":0,"displacementMap":null,"displacementScale":1,"dithering":false,"emissive":0,"emissiveIntensity":1,"emissiveMap":null,"envMap":null,"flatShading":false,"fog":true,"lightMap":null,"lightMapIntensity":1,"lights":true,"map":{"metadata":{"generator":"TextureSerializer","type":"Object","version":"0.0.1"},"anisotropy":1,"center":{"x":0,"y":0},"encoding":3000,"flipY":true,"format":1022,"generateMipmaps":true,"image":{"tagName":"img","src":"/Upload/Model/20190913113659/02_-_Default1noCulling.JPG","width":256,"height":256},"magFilter":1006,"mapping":300,"matrix":{"elements":[1,0,0,0,1,0,0,0,1]},"matrixAutoUpdate":true,"minFilter":1008,"mipmaps":[],"name":"","offset":{"x":0,"y":0},"premultiplyAlpha":false,"repeat":{"x":1,"y":1},"rotation":0,"type":1009,"unpackAlignment":4,"uuid":"B0EB2AD1-7ED9-4359-B300-DC92D79DDE20","version":1,"wrapS":1000,"wrapT":1000,"isTexture":true},"metalnessMap":null,"morphNormals":false,"morphTargets":false,"name":"_02_-_Default1noCulli__02_-_Default1noCulli","normalMap":null,"normalScale":{"x":1,"y":1},"opacity":1,"polygonOffset":false,"polygonOffsetFactor":0,"polygonOffsetUnits":0,"precision":null,"premultipliedAlpha":false,"refractionRatio":0.98,"roughnessMap":null,"shadowSide":null,"side":0,"skinning":false,"transparent":false,"type":"MeshPhongMaterial","userData":{},"uuid":"50FA6D9A-2824-45AE-8F41-BDBC3895C58E","vertexColors":0,"visible":true,"wireframe":false,"wireframeLinecap":"round","wireframeLinejoin":"round","wireframeLinewidth":1,"specular":2763306,"shininess":154.901961},{"metadata":{"generator":"MeshPhongMaterialSerializer","type":"Object","version":"0.0.1"},"alphaMap":null,"alphaTest":0,"aoMap":null,"aoMapIntensity":1,"blendDst":205,"blendDstAlpha":null,"blendEquation":100,"blendEquationAlpha":null,"blendSrc":204,"blendSrcAlpha":null,"blending":1,"bumpMap":null,"bumpScale":1,"clipIntersection":false,"clippingPlanes":null,"color":10724259,"colorWrite":true,"depthFunc":3,"depthTest":true,"depthWrite":true,"displacementBias":0,"displacementMap":null,"displacementScale":1,"dithering":false,"emissive":0,"emissiveIntensity":1,"emissiveMap":null,"envMap":null,"flatShading":true,"fog":true,"lightMap":null,"lightMapIntensity":1,"lights":true,"map":{"metadata":{"generator":"TextureSerializer","type":"Object","version":"0.0.1"},"anisotropy":1,"center":{"x":0,"y":0},"encoding":3000,"flipY":true,"format":1022,"generateMipmaps":true,"image":{"tagName":"img","src":"/Upload/Model/20190913113659/02_-_Default1noCulling.JPG","width":256,"height":256},"magFilter":1006,"mapping":300,"matrix":{"elements":[1,0,0,0,1,0,0,0,1]},"matrixAutoUpdate":true,"minFilter":1008,"mipmaps":[],"name":"","offset":{"x":0,"y":0},"premultiplyAlpha":false,"repeat":{"x":1,"y":1},"rotation":0,"type":1009,"unpackAlignment":4,"uuid":"B0EB2AD1-7ED9-4359-B300-DC92D79DDE20","version":1,"wrapS":1000,"wrapT":1000,"isTexture":true},"metalnessMap":null,"morphNormals":false,"morphTargets":false,"name":"_02_-_Default1noCulli__02_-_Default1noCulli_flat","normalMap":null,"normalScale":{"x":1,"y":1},"opacity":1,"polygonOffset":false,"polygonOffsetFactor":0,"polygonOffsetUnits":0,"precision":null,"premultipliedAlpha":false,"refractionRatio":0.98,"roughnessMap":null,"shadowSide":null,"side":0,"skinning":false,"transparent":false,"type":"MeshPhongMaterial","userData":{},"uuid":"DDFCABF1-0281-4B6F-A92F-F76A32F8FD1C","vertexColors":0,"visible":true,"wireframe":false,"wireframeLinecap":"round","wireframeLinejoin":"round","wireframeLinewidth":1,"specular":2763306,"shininess":154.901961}]},{"_id":"5d7b0f41c8b49a1a38e73809","metadata":{"generator":"MeshSerializer","type":"Object","version":"0.0.1"},"castShadow":false,"children":[],"frustumCulled":true,"layers":{"mask":1},"matrix":{"elements":[1,0,0,0,0,1,0,0,0,0,1,0,0,0,0,1]},"matrixAutoUpdate":true,"matrixWorld":{"elements":[1,0,0,0,0,1,0,0,0,0,1,0,0,0,0,1]},"matrixWorldNeedsUpdate":false,"modelViewMatrix":{"elements":[0.99998542995134843,-0.0010186216673043439,0.0053011597708182857,0,-2.1684043449710089E-19,0.98203502315747637,0.1886987368587684,0,-0.0053981371802543209,-0.18869598750899186,0.98202071485941156,0,2.3624797069610484,-86.520568123027942,-281.20446003150408,1]},"name":"mesh1.002_mesh1-geometry_FrontColorNoCullingID__02_-_Default1noCulli","normalMatrix":{"elements":[0.99998542995134843,-0.0010186216673043439,0.0053011597708182865,0,0.98203502315747648,0.1886987368587684,-0.0053981371802543192,-0.18869598750899189,0.98202071485941145]},"parent":"7375B3EB-A362-45FB-A36C-9221AC8E188C","position":{"x":0,"y":0,"z":0},"quaternion":{"x":0,"y":0,"z":0,"w":1},"receiveShadow":false,"renderOrder":0,"rotation":{"x":0,"y":0,"z":0,"order":"XYZ"},"scale":{"x":1,"y":1,"z":1},"type":"Mesh","up":{"x":0,"y":1,"z":0},"userData":{},"uuid":"EF825AAB-A8B9-40EA-8053-35E12323C099","visible":true,"isObject3D":true,"drawMode":0,"geometry":{"metadata":{"generator":"BufferGeometrySerializer","type":"Object","version":"0.0.1"},"boundingBox":null,"boundingSphere":{"center":{"x":2.3837130665779114,"y":156.13343048095703,"z":13.572092533111572},"radius":4.23544538800758},"drawRange":{"start":0,"count":null},"groups":[],"morphAttributes":{},"name":"","type":"BufferGeometry","userData":{},"uuid":"F4336E0B-4329-45E2-9E79-534663421995"},"material":{"metadata":{"generator":"MeshPhongMaterialSerializer","type":"Object","version":"0.0.1"},"alphaMap":null,"alphaTest":0,"aoMap":null,"aoMapIntensity":1,"blendDst":205,"blendDstAlpha":null,"blendEquation":100,"blendEquationAlpha":null,"blendSrc":204,"blendSrcAlpha":null,"blending":1,"bumpMap":null,"bumpScale":1,"clipIntersection":false,"clippingPlanes":null,"color":13421772,"colorWrite":true,"depthFunc":3,"depthTest":true,"depthWrite":true,"displacementBias":0,"displacementMap":null,"displacementScale":1,"dithering":false,"emissive":0,"emissiveIntensity":1,"emissiveMap":null,"envMap":null,"flatShading":false,"fog":true,"lightMap":null,"lightMapIntensity":1,"lights":true,"map":{"metadata":{"generator":"TextureSerializer","type":"Object","version":"0.0.1"},"anisotropy":1,"center":{"x":0,"y":0},"encoding":3000,"flipY":true,"format":1022,"generateMipmaps":true,"image":{"tagName":"img","src":"/Upload/Model/20190913113659/02_-_Default1noCulling.JPG","width":256,"height":256},"magFilter":1006,"mapping":300,"matrix":{"elements":[1,0,0,0,1,0,0,0,1]},"matrixAutoUpdate":true,"minFilter":1008,"mipmaps":[],"name":"","offset":{"x":0,"y":0},"premultiplyAlpha":false,"repeat":{"x":1,"y":1},"rotation":0,"type":1009,"unpackAlignment":4,"uuid":"42450CD5-3F89-40FE-A36F-E2990538E965","version":1,"wrapS":1000,"wrapT":1000,"isTexture":true},"metalnessMap":null,"morphNormals":false,"morphTargets":false,"name":"FrontColorNoCullingID__02_-_Default1noCulli","normalMap":null,"normalScale":{"x":1,"y":1},"opacity":1,"polygonOffset":false,"polygonOffsetFactor":0,"polygonOffsetUnits":0,"precision":null,"premultipliedAlpha":false,"refractionRatio":0.98,"roughnessMap":null,"shadowSide":null,"side":0,"skinning":false,"transparent":false,"type":"MeshPhongMaterial","userData":{},"uuid":"1B8A42F2-5D5A-41B8-8E1F-67AD8375C9D7","vertexColors":0,"visible":true,"wireframe":false,"wireframeLinecap":"round","wireframeLinejoin":"round","wireframeLinewidth":1,"specular":2763306,"shininess":154.901961}},{"_id":"5d7b0f41c8b49a1a38e7380a","metadata":{"generator":"MeshSerializer","type":"Object","version":"0.0.1"},"castShadow":false,"children":[],"frustumCulled":true,"layers":{"mask":1},"matrix":{"elements":[1,0,0,0,0,1,0,0,0,0,1,0,0,0,0,1]},"matrixAutoUpdate":true,"matrixWorld":{"elements":[1,0,0,0,0,1,0,0,0,0,1,0,0,0,0,1]},"matrixWorldNeedsUpdate":false,"modelViewMatrix":{"elements":[0.99998542995134843,-0.0010186216673043439,0.0053011597708182857,0,-2.1684043449710089E-19,0.98203502315747637,0.1886987368587684,0,-0.0053981371802543209,-0.18869598750899186,0.98202071485941156,0,2.3624797069610484,-86.520568123027942,-281.20446003150408,1]},"name":"mesh2.002_mesh2-geometry__03_-_Default1noCulli__03_-_Default1noCulli","normalMatrix":{"elements":[0.99998542995134843,-0.0010186216673043439,0.0053011597708182865,0,0.98203502315747648,0.1886987368587684,-0.0053981371802543192,-0.18869598750899189,0.98202071485941145]},"parent":"7375B3EB-A362-45FB-A36C-9221AC8E188C","position":{"x":0,"y":0,"z":0},"quaternion":{"x":0,"y":0,"z":0,"w":1},"receiveShadow":false,"renderOrder":0,"rotation":{"x":0,"y":0,"z":0,"order":"XYZ"},"scale":{"x":1,"y":1,"z":1},"type":"Mesh","up":{"x":0,"y":1,"z":0},"userData":{},"uuid":"5A2913AA-28ED-473C-9EE9-8419C1527745","visible":true,"isObject3D":true,"drawMode":0,"geometry":{"metadata":{"generator":"BufferGeometrySerializer","type":"Object","version":"0.0.1"},"boundingBox":null,"boundingSphere":{"center":{"x":20.424531936645508,"y":113.6602783203125,"z":0.25877809524536133},"radius":23.585392947692171},"drawRange":{"start":0,"count":null},"groups":[{"start":0,"count":3384,"materialIndex":0},{"start":3384,"count":3,"materialIndex":1}],"morphAttributes":{},"name":"","type":"BufferGeometry","userData":{},"uuid":"06980AC1-1798-4C8E-957E-200513114F02"},"material":[{"metadata":{"generator":"MeshPhongMaterialSerializer","type":"Object","version":"0.0.1"},"alphaMap":null,"alphaTest":0,"aoMap":null,"aoMapIntensity":1,"blendDst":205,"blendDstAlpha":null,"blendEquation":100,"blendEquationAlpha":null,"blendSrc":204,"blendSrcAlpha":null,"blending":1,"bumpMap":null,"bumpScale":1,"clipIntersection":false,"clippingPlanes":null,"color":10724259,"colorWrite":true,"depthFunc":3,"depthTest":true,"depthWrite":true,"displacementBias":0,"displacementMap":null,"displacementScale":1,"dithering":false,"emissive":0,"emissiveIntensity":1,"emissiveMap":null,"envMap":null,"flatShading":false,"fog":true,"lightMap":null,"lightMapIntensity":1,"lights":true,"map":{"metadata":{"generator":"TextureSerializer","type":"Object","version":"0.0.1"},"anisotropy":1,"center":{"x":0,"y":0},"encoding":3000,"flipY":true,"format":1022,"generateMipmaps":true,"image":{"tagName":"img","src":"/Upload/Model/20190913113659/03_-_Default1noCulling.JPG","width":512,"height":512},"magFilter":1006,"mapping":300,"matrix":{"elements":[1,0,0,0,1,0,0,0,1]},"matrixAutoUpdate":true,"minFilter":1008,"mipmaps":[],"name":"","offset":{"x":0,"y":0},"premultiplyAlpha":false,"repeat":{"x":1,"y":1},"rotation":0,"type":1009,"unpackAlignment":4,"uuid":"F6E85A01-4B26-4A97-AFDD-E741DDA74838","version":1,"wrapS":1000,"wrapT":1000,"isTexture":true},"metalnessMap":null,"morphNormals":false,"morphTargets":false,"name":"_03_-_Default1noCulli__03_-_Default1noCulli","normalMap":null,"normalScale":{"x":1,"y":1},"opacity":1,"polygonOffset":false,"polygonOffsetFactor":0,"polygonOffsetUnits":0,"precision":null,"premultipliedAlpha":false,"refractionRatio":0.98,"roughnessMap":null,"shadowSide":null,"side":0,"skinning":false,"transparent":false,"type":"MeshPhongMaterial","userData":{},"uuid":"F5175583-DD48-4FD4-8FCD-0EFF4111A48B","vertexColors":0,"visible":true,"wireframe":false,"wireframeLinecap":"round","wireframeLinejoin":"round","wireframeLinewidth":1,"specular":2763306,"shininess":154.901961},{"metadata":{"generator":"MeshPhongMaterialSerializer","type":"Object","version":"0.0.1"},"alphaMap":null,"alphaTest":0,"aoMap":null,"aoMapIntensity":1,"blendDst":205,"blendDstAlpha":null,"blendEquation":100,"blendEquationAlpha":null,"blendSrc":204,"blendSrcAlpha":null,"blending":1,"bumpMap":null,"bumpScale":1,"clipIntersection":false,"clippingPlanes":null,"color":10724259,"colorWrite":true,"depthFunc":3,"depthTest":true,"depthWrite":true,"displacementBias":0,"displacementMap":null,"displacementScale":1,"dithering":false,"emissive":0,"emissiveIntensity":1,"emissiveMap":null,"envMap":null,"flatShading":true,"fog":true,"lightMap":null,"lightMapIntensity":1,"lights":true,"map":{"metadata":{"generator":"TextureSerializer","type":"Object","version":"0.0.1"},"anisotropy":1,"center":{"x":0,"y":0},"encoding":3000,"flipY":true,"format":1022,"generateMipmaps":true,"image":{"tagName":"img","src":"/Upload/Model/20190913113659/03_-_Default1noCulling.JPG","width":512,"height":512},"magFilter":1006,"mapping":300,"matrix":{"elements":[1,0,0,0,1,0,0,0,1]},"matrixAutoUpdate":true,"minFilter":1008,"mipmaps":[],"name":"","offset":{"x":0,"y":0},"premultiplyAlpha":false,"repeat":{"x":1,"y":1},"rotation":0,"type":1009,"unpackAlignment":4,"uuid":"F6E85A01-4B26-4A97-AFDD-E741DDA74838","version":1,"wrapS":1000,"wrapT":1000,"isTexture":true},"metalnessMap":null,"morphNormals":false,"morphTargets":false,"name":"_03_-_Default1noCulli__03_-_Default1noCulli_flat","normalMap":null,"normalScale":{"x":1,"y":1},"opacity":1,"polygonOffset":false,"polygonOffsetFactor":0,"polygonOffsetUnits":0,"precision":null,"premultipliedAlpha":false,"refractionRatio":0.98,"roughnessMap":null,"shadowSide":null,"side":0,"skinning":false,"transparent":false,"type":"MeshPhongMaterial","userData":{},"uuid":"C442971A-7F19-4F43-BF4D-0D8602F36644","vertexColors":0,"visible":true,"wireframe":false,"wireframeLinecap":"round","wireframeLinejoin":"round","wireframeLinewidth":1,"specular":2763306,"shininess":154.901961}]},{"_id":"5d7b0f41c8b49a1a38e7380b","metadata":{"generator":"MeshSerializer","type":"Object","version":"0.0.1"},"castShadow":false,"children":[],"frustumCulled":true,"layers":{"mask":1},"matrix":{"elements":[1,0,0,0,0,1,0,0,0,0,1,0,0,0,0,1]},"matrixAutoUpdate":true,"matrixWorld":{"elements":[1,0,0,0,0,1,0,0,0,0,1,0,0,0,0,1]},"matrixWorldNeedsUpdate":false,"modelViewMatrix":{"elements":[0.99998542995134843,-0.0010186216673043439,0.0053011597708182857,0,-2.1684043449710089E-19,0.98203502315747637,0.1886987368587684,0,-0.0053981371802543209,-0.18869598750899186,0.98202071485941156,0,2.3624797069610484,-86.520568123027942,-281.20446003150408,1]},"name":"mesh2.002_mesh2-geometry_FrontColorNoCullingID__03_-_Default1noCulli","normalMatrix":{"elements":[0.99998542995134843,-0.0010186216673043439,0.0053011597708182865,0,0.98203502315747648,0.1886987368587684,-0.0053981371802543192,-0.18869598750899189,0.98202071485941145]},"parent":"7375B3EB-A362-45FB-A36C-9221AC8E188C","position":{"x":0,"y":0,"z":0},"quaternion":{"x":0,"y":0,"z":0,"w":1},"receiveShadow":false,"renderOrder":0,"rotation":{"x":0,"y":0,"z":0,"order":"XYZ"},"scale":{"x":1,"y":1,"z":1},"type":"Mesh","up":{"x":0,"y":1,"z":0},"userData":{},"uuid":"0F04C7B5-5B2D-407A-902C-79879865E631","visible":true,"isObject3D":true,"drawMode":0,"geometry":{"metadata":{"generator":"BufferGeometrySerializer","type":"Object","version":"0.0.1"},"boundingBox":null,"boundingSphere":{"center":{"x":15.828570365905762,"y":100.35007476806641,"z":13.431153774261475},"radius":5.5224647958132085},"drawRange":{"start":0,"count":null},"groups":[],"morphAttributes":{},"name":"","type":"BufferGeometry","userData":{},"uuid":"1FF0E54C-7377-40B0-868E-0CDF1A16F862"},"material":{"metadata":{"generator":"MeshPhongMaterialSerializer","type":"Object","version":"0.0.1"},"alphaMap":null,"alphaTest":0,"aoMap":null,"aoMapIntensity":1,"blendDst":205,"blendDstAlpha":null,"blendEquation":100,"blendEquationAlpha":null,"blendSrc":204,"blendSrcAlpha":null,"blending":1,"bumpMap":null,"bumpScale":1,"clipIntersection":false,"clippingPlanes":null,"color":13421772,"colorWrite":true,"depthFunc":3,"depthTest":true,"depthWrite":true,"displacementBias":0,"displacementMap":null,"displacementScale":1,"dithering":false,"emissive":0,"emissiveIntensity":1,"emissiveMap":null,"envMap":null,"flatShading":false,"fog":true,"lightMap":null,"lightMapIntensity":1,"lights":true,"map":{"metadata":{"generator":"TextureSerializer","type":"Object","version":"0.0.1"},"anisotropy":1,"center":{"x":0,"y":0},"encoding":3000,"flipY":true,"format":1022,"generateMipmaps":true,"image":{"tagName":"img","src":"/Upload/Model/20190913113659/03_-_Default1noCulling.JPG","width":512,"height":512},"magFilter":1006,"mapping":300,"matrix":{"elements":[1,0,0,0,1,0,0,0,1]},"matrixAutoUpdate":true,"minFilter":1008,"mipmaps":[],"name":"","offset":{"x":0,"y":0},"premultiplyAlpha":false,"repeat":{"x":1,"y":1},"rotation":0,"type":1009,"unpackAlignment":4,"uuid":"E2434A2B-2C2E-4A17-88D4-847814809D65","version":1,"wrapS":1000,"wrapT":1000,"isTexture":true},"metalnessMap":null,"morphNormals":false,"morphTargets":false,"name":"FrontColorNoCullingID__03_-_Default1noCulli","normalMap":null,"normalScale":{"x":1,"y":1},"opacity":1,"polygonOffset":false,"polygonOffsetFactor":0,"polygonOffsetUnits":0,"precision":null,"premultipliedAlpha":false,"refractionRatio":0.98,"roughnessMap":null,"shadowSide":null,"side":0,"skinning":false,"transparent":false,"type":"MeshPhongMaterial","userData":{},"uuid":"17C21B11-A647-4DA7-BEFE-97C9B9AFC0B3","vertexColors":0,"visible":true,"wireframe":false,"wireframeLinecap":"round","wireframeLinejoin":"round","wireframeLinewidth":1,"specular":2763306,"shininess":154.901961}},{"_id":"5d7b0f41c8b49a1a38e7380c","metadata":{"generator":"MeshSerializer","type":"Object","version":"0.0.1"},"castShadow":false,"children":[],"frustumCulled":true,"layers":{"mask":1},"matrix":{"elements":[1,0,0,0,0,1,0,0,0,0,1,0,0,0,0,1]},"matrixAutoUpdate":true,"matrixWorld":{"elements":[1,0,0,0,0,1,0,0,0,0,1,0,0,0,0,1]},"matrixWorldNeedsUpdate":false,"modelViewMatrix":{"elements":[0.99998542995134843,-0.0010186216673043439,0.0053011597708182857,0,-2.1684043449710089E-19,0.98203502315747637,0.1886987368587684,0,-0.0053981371802543209,-0.18869598750899186,0.98202071485941156,0,2.3624797069610484,-86.520568123027942,-281.20446003150408,1]},"name":"mesh3.002_mesh3-geometry__03_-_Default1noCulli__03_-_Default1noCulli","normalMatrix":{"elements":[0.99998542995134843,-0.0010186216673043439,0.0053011597708182865,0,0.98203502315747648,0.1886987368587684,-0.0053981371802543192,-0.18869598750899189,0.98202071485941145]},"parent":"7375B3EB-A362-45FB-A36C-9221AC8E188C","position":{"x":0,"y":0,"z":0},"quaternion":{"x":0,"y":0,"z":0,"w":1},"receiveShadow":false,"renderOrder":0,"rotation":{"x":0,"y":0,"z":0,