{"Code":200,"Msg":"Get Successfully!","Data":[{"_id":"5d7b05b8c8b49a1a38e73449","metadata":{"generator":"OptionsSerializer","type":"Object","version":"0.0.1"},"server":"http://localhost:2000","sceneType":"Empty","shadowMapType":2,"gammaInput":false,"gammaOutput":false,"gammaFactor":2,"hueRotate":0,"saturate":1,"brightness":1,"blur":0,"contrast":1,"grayscale":0,"invert":0,"sepia":0},{"_id":"5d7b05b8c8b49a1a38e7344a","metadata":{"generator":"PerspectiveCameraSerializer","type":"Object","version":"0.0.1"},"castShadow":false,"children":["3CF46B8B-6A37-4BAC-BA35-A19A98AD65FA"],"frustumCulled":true,"layers":{"mask":1},"matrix":{"elements":[0.99999992073295552,-5.082197683525802E-21,-0.00039816338692578442,0,-2.3810651763104096E-05,0.998210306222379,-0.059801203871470685,0,0.00039745079638972683,0.059801208611735754,0.9982102270971982,0,-0.21629270468520451,3.4995988178059751,17.438735617333425,1]},"matrixAutoUpdate":true,"matrixWorld":{"elements":[0.99999992073295552,-5.082197683525802E-21,-0.00039816338692578442,0,-2.3810651763104096E-05,0.998210306222379,-0.059801203871470685,0,0.00039745079638972683,0.059801208611735754,0.9982102270971982,0,-0.21629270468520451,3.4995988178059751,17.438735617333425,1]},"matrixWorldNeedsUpdate":false,"modelViewMatrix":{"elements":[1,0,0,0,0,1,0,0,0,0,1,0,0,0,0,1]},"name":"DefaultCamera","normalMatrix":{"elements":[1,0,0,0,1,0,0,0,1]},"parent":null,"position":{"x":-0.21629270468520451,"y":3.4995988178059751,"z":17.438735617333425},"quaternion":{"x":-0.02991399092973996,"y":0.00019899260365349624,"z":5.9553282085568617E-06,"w":0.999552456609023},"receiveShadow":false,"renderOrder":0,"rotation":{"x":-0.059836914185904116,"y":0.00039745080685375485,"z":2.3810653646004443E-05,"order":"XYZ"},"scale":{"x":1,"y":1,"z":1},"type":"PerspectiveCamera","up":{"x":0,"y":1,"z":0},"userData":{"isDefault":true,"control":"OrbitControls"},"uuid":"F846E759-7D57-43FD-9372-89AEFB5D52AE","visible":true,"isObject3D":true,"matrixWorldInverse":{"elements":[0.99999992073295552,-2.381065176310409E-05,0.00039745079638972688,0,6.7762635780344027E-21,0.99821030622237894,0.059801208611735747,0,-0.00039816338692578442,-0.059801203871470691,0.99821022709719831,0,0.22323615357742185,-2.4504833737350147,-17.616718514119665,1]},"projectionMatrix":{"elements":[1.1615432125569514,0,0,0,0,2.1445069205095586,0,0,0,0,-1.0000200002000021,-1,0,0,-0.20000200002000021,0]},"aspect":1.8462566844919786,"far":10000,"filmGauge":35,"filmOffset":0,"focus":10,"fov":50,"near":0.1,"view":null,"zoom":1},{"_id":"5d7b05b8c8b49a1a38e7344b","metadata":{"generator":"WebGLRendererSerializer","type":"Object","version":"0.0.1"},"antialias":true,"autoClear":false,"autoClearColor":true,"autoClearDepth":true,"autoClearStencil":true,"autoUpdateScene":false,"clippingPlanes":[],"gammaFactor":2,"gammaInput":false,"gammaOutput":false,"localClippingEnabled":false,"physicallyCorrectLights":false,"shadowMap":{"metadata":{"generator":"WebGLShadowMapSerializer","type":"Object","version":"0.0.1"},"autoUpdate":true,"enabled":true,"needsUpdate":false,"type":2},"sortObjects":true,"toneMapping":1,"toneMappingExposure":1,"toneMappingWhitePoint":1},{"_id":"5d7b05b8c8b49a1a38e7344c","metadata":{"generator":"AnimationSerializer","type":"Object","version":"0.0.1"},"id":null,"uuid":"BBAB8673-E65B-4D99-A0A2-F1FA9D45E3AD","layer":0,"layerName":"AnimLayer1","animations":[]},{"_id":"5d7b05b8c8b49a1a38e7344d","metadata":{"generator":"AnimationSerializer","type":"Object","version":"0.0.1"},"id":null,"uuid":"9A497B9A-DE4D-4BD8-BA8B-479F695358F2","layer":1,"layerName":"AnimLayer2","animations":[]},{"_id":"5d7b05b8c8b49a1a38e7344e","metadata":{"generator":"AnimationSerializer","type":"Object","version":"0.0.1"},"id":null,"uuid":"B8E43831-3CAD-4E5D-9733-24A0481D3D59","layer":2,"layerName":"AnimLayer3","animations":[]},{"_id":"5d7b05b8c8b49a1a38e7344f","metadata":{"generator":"AudioListenerSerializer","type":"Object","version":"0.0.1"},"castShadow":false,"children":[],"frustumCulled":true,"layers":{"mask":1},"matrix":{"elements":[1,0,0,0,0,1,0,0,0,0,1,0,0,0,0,1]},"matrixAutoUpdate":true,"matrixWorld":{"elements":[0.99999992073295552,-5.082197683525802E-21,-0.00039816338692578442,0,-2.3810651763104096E-05,0.998210306222379,-0.059801203871470685,0,0.00039745079638972683,0.059801208611735754,0.9982102270971982,0,-0.21629270468520451,3.4995988178059751,17.438735617333425,1]},"matrixWorldNeedsUpdate":false,"modelViewMatrix":{"elements":[1,0,0,0,0,1,0,0,0,0,1,0,0,0,0,1]},"name":"AudioListener","normalMatrix":{"elements":[1,0,0,0,1,0,0,0,1]},"parent":"F846E759-7D57-43FD-9372-89AEFB5D52AE","position":{"x":0,"y":0,"z":0},"quaternion":{"x":0,"y":0,"z":0,"w":1},"receiveShadow":false,"renderOrder":0,"rotation":{"x":0,"y":0,"z":0,"order":"XYZ"},"scale":{"x":1,"y":1,"z":1},"type":"AudioListener","up":{"x":0,"y":1,"z":0},"userData":{},"uuid":"3CF46B8B-6A37-4BAC-BA35-A19A98AD65FA","visible":true,"isObject3D":true,"masterVolume":1},{"_id":"5d7b05b8c8b49a1a38e73450","metadata":{"generator":"VisualSerializer","type":"Object","version":"0.0.1"},"data":[]},{"_id":"5d7b05b8c8b49a1a38e73451","metadata":{"generator":"SceneSerializer","type":"Object","version":"0.0.1"},"castShadow":false,"children":["1852AFF5-2CC7-463A-9E0D-CC20B1820342","50B2FD4A-B5E8-4752-A318-E96A77524203","F463B09A-A5C5-43B3-8449-018BDCD37CD6"],"frustumCulled":true,"layers":{"mask":1},"matrix":{"elements":[1,0,0,0,0,1,0,0,0,0,1,0,0,0,0,1]},"matrixAutoUpdate":true,"matrixWorld":{"elements":[1,0,0,0,0,1,0,0,0,0,1,0,0,0,0,1]},"matrixWorldNeedsUpdate":false,"modelViewMatrix":{"elements":[1,0,0,0,0,1,0,0,0,0,1,0,0,0,0,1]},"name":"Scene","normalMatrix":{"elements":[1,0,0,0,1,0,0,0,1]},"parent":null,"position":{"x":0,"y":0,"z":0},"quaternion":{"x":0,"y":0,"z":0,"w":1},"receiveShadow":false,"renderOrder":0,"rotation":{"x":0,"y":0,"z":0,"order":"XYZ"},"scale":{"x":1,"y":1,"z":1},"type":"Scene","up":{"x":0,"y":1,"z":0},"userData":{"children":[{"uuid":"1852AFF5-2CC7-463A-9E0D-CC20B1820342","children":[]},{"uuid":"50B2FD4A-B5E8-4752-A318-E96A77524203","children":[]},{"uuid":"F463B09A-A5C5-43B3-8449-018BDCD37CD6","children":[{"uuid":"DB326B83-B12A-46B7-AA60-F20144ED1314","children":[{"uuid":"CA2FCE40-020E-4760-ADE8-61D565AB6665","children":[]}]}]}]},"uuid":"7DEFBC5B-9EAA-47F3-BA17-6C55D4B458CC","visible":true,"isObject3D":true,"background":11184810,"fog":null,"overrideMaterial":null},{"_id":"5d7b05b8c8b49a1a38e73452","metadata":{"generator":"AmbientLightSerializer","type":"Object","version":"0.0.1"},"children":[],"frustumCulled":true,"layers":{"mask":1},"matrix":{"elements":[1,0,0,0,0,1,0,0,0,0,1,0,0,0,0,1]},"matrixAutoUpdate":true,"matrixWorld":{"elements":[1,0,0,0,0,1,0,0,0,0,1,0,0,0,0,1]},"matrixWorldNeedsUpdate":false,"modelViewMatrix":{"elements":[1,0,0,0,0,1,0,0,0,0,1,0,0,0,0,1]},"name":"Ambient","normalMatrix":{"elements":[1,0,0,0,1,0,0,0,1]},"parent":"7DEFBC5B-9EAA-47F3-BA17-6C55D4B458CC","position":{"x":0,"y":0,"z":0},"quaternion":{"x":0,"y":0,"z":0,"w":1},"renderOrder":0,"rotation":{"x":0,"y":0,"z":0,"order":"XYZ"},"scale":{"x":1,"y":1,"z":1},"type":"AmbientLight","up":{"x":0,"y":1,"z":0},"userData":{},"uuid":"1852AFF5-2CC7-463A-9E0D-CC20B1820342","visible":true,"isObject3D":true,"color":16777215,"intensity":0.54,"isLight":true,"shadow":null,"isAmbientLight":true},{"_id":"5d7b05b8c8b49a1a38e73453","metadata":{"generator":"DirectionalLightSerializer","type":"Object","version":"0.0.1"},"castShadow":true,"children":[],"frustumCulled":true,"layers":{"mask":1},"matrix":{"elements":[1,0,0,0,0,1,0,0,0,0,1,0,-0.5363888424102603,6.0446771979798672,7.5,1]},"matrixAutoUpdate":true,"matrixWorld":{"elements":[1,0,0,0,0,1,0,0,0,0,1,0,-0.5363888424102603,6.0446771979798672,7.5,1]},"matrixWorldNeedsUpdate":false,"modelViewMatrix":{"elements":[1,0,0,0,0,1,0,0,0,0,1,0,0,0,0,1]},"name":"Directional","normalMatrix":{"elements":[1,0,0,0,1,0,0,0,1]},"parent":"7DEFBC5B-9EAA-47F3-BA17-6C55D4B458CC","position":{"x":-0.5363888424102603,"y":6.0446771979798672,"z":7.5},"quaternion":{"x":0,"y":0,"z":0,"w":1},"renderOrder":0,"rotation":{"x":0,"y":0,"z":0,"order":"XYZ"},"scale":{"x":1,"y":1,"z":1},"type":"DirectionalLight","up":{"x":0,"y":1,"z":0},"userData":{},"uuid":"50B2FD4A-B5E8-4752-A318-E96A77524203","visible":true,"isObject3D":true,"color":16777215,"intensity":0.66,"isLight":true,"shadow":{"metadata":{"generator":"DirectionalLightShadowSerializer","type":"Object","version":"0.0.1"},"bias":0,"camera":{"metadata":{"generator":"OrthographicCameraSerializer","type":"Object","version":"0.0.1"},"castShadow":false,"children":[],"frustumCulled":true,"layers":{"mask":1},"matrix":{"elements":[0.99745232038276488,3.4694469519536142E-18,0.071336306065271915,0,0.044695650130422093,0.77938249437418,-0.62495217922853918,0,-0.055598268160591574,0.62654842387726217,0.777396877479233,0,-0.5363888424102603,6.0446771979798672,7.5,1]},"matrixAutoUpdate":true,"matrixWorld":{"elements":[0.99745232038276488,3.4694469519536142E-18,0.071336306065271915,0,0.044695650130422093,0.77938249437418,-0.62495217922853918,0,-0.055598268160591574,0.62654842387726217,0.777396877479233,0,-0.5363888424102603,6.0446771979798672,7.5,1]},"matrixWorldNeedsUpdate":false,"modelViewMatrix":{"elements":[1,0,0,0,0,1,0,0,0,0,1,0,0,0,0,1]},"name":"","normalMatrix":{"elements":[1,0,0,0,1,0,0,0,1]},"parent":null,"position":{"x":-0.5363888424102603,"y":6.0446771979798672,"z":7.5},"quaternion":{"x":-0.33191600915342723,"y":-0.033664879742032611,"z":-0.011853931017685171,"w":0.942633504103819},"receiveShadow":false,"renderOrder":0,"rotation":{"x":-0.67836269464913157,"y":-0.055626952004366376,"z":-0.044779855760492274,"order":"XYZ"},"scale":{"x":1,"y":1,"z":1},"type":"OrthographicCamera","up":{"x":0,"y":1,"z":0},"userData":{},"uuid":"C57F0930-9EF4-493A-8C3A-B00C2B616DA0","visible":true,"isObject3D":true,"matrixWorldInverse":{"elements":[0.99745232038276477,0.044695650130422086,-0.055598268160591553,0,0,0.77938249437417984,0.626548423877262,0,0.0713363060652719,-0.62495217922853918,0.77739687747923281,0,-8.3266726846886716E-17,-2.6645352591003749E-15,-9.64758184303403,0.99999999999999978]},"projectionMatrix":{"elements":[0.05,0,0,0,0,0.05,0,0,0,0,-0.0040008001600320064,0,0,0,-1.0004000800160033,1]},"bottom":-20,"far":500,"left":-20,"near":0.1,"right":20,"top":20,"view":null,"zoom":1},"map":{"metadata":{"generator":"WebGLRenderTargetSerializer","type":"Object","version":"0.0.1"},"depthBuffer":true,"depthTexture":null,"height":2048,"scissor":{"x":0,"y":0,"z":2048,"w":2048},"scissorTest":false,"stencilBuffer":true,"texture":{"metadata":{"generator":"TextureSerializer","type":"Object","version":"0.0.1"},"anisotropy":1,"center":{"x":0,"y":0},"encoding":3000,"flipY":true,"format":1023,"generateMipmaps":false,"image":null,"magFilter":1003,"mapping":300,"matrix":{"elements":[1,0,0,0,1,0,0,0,1]},"matrixAutoUpdate":true,"minFilter":1003,"mipmaps":[],"name":"Directional.shadowMap","offset":{"x":0,"y":0},"premultiplyAlpha":false,"repeat":{"x":1,"y":1},"rotation":0,"type":1009,"unpackAlignment":4,"uuid":"46DFB972-3318-45D8-9B4D-D0079B6CC492","version":0,"wrapS":1001,"wrapT":1001,"isTexture":true},"viewport":{"x":0,"y":0,"z":2048,"w":2048},"width":2048,"isWebGLRenderTarget":true},"mapSize":{"x":2048,"y":2048},"matrix":{"elements":[0.024936308009569121,0.0011173912532605522,0.00011121878007719855,0,0,0.019484562359354498,-0.0012533475172579755,0,0.0017834076516317977,-0.015623804480713481,-0.0015551047759136483,0,0.49999999999999989,0.49999999999999983,0.019098983482764547,0.99999999999999978]},"radius":0},"isDirectionalLight":true},{"_id":"5d7b05b8c8b49a1a38e73454","metadata":{"generator":"ServerObject","type":"Object","version":"0.0.1"},"castShadow":false,"children":["DB326B83-B12A-46B7-AA60-F20144ED1314"],"frustumCulled":true,"layers":{"mask":1},"matrix":{"elements":[1,0,0,0,0,2.2204460492503131E-16,-1,0,0,1,2.2204460492503131E-16,0,0,0,0,1]},"matrixAutoUpdate":true,"matrixWorld":{"elements":[1,0,0,0,0,2.2204460492503131E-16,-1,0,0,1,2.2204460492503131E-16,0,0,0,0,1]},"matrixWorldNeedsUpdate":false,"modelViewMatrix":{"elements":[1,0,0,0,0,1,0,0,0,0,1,0,0,0,0,1]},"name":"rook","normalMatrix":{"elements":[1,0,0,0,1,0,0,0,1]},"parent":"7DEFBC5B-9EAA-47F3-BA17-6C55D4B458CC","position":{"x":0,"y":0,"z":0},"quaternion":{"x":-0.70710678118654746,"y":0,"z":0,"w":0.70710678118654757},"receiveShadow":false,"renderOrder":0,"rotation":{"x":-1.5707963267948966,"y":0,"z":0,"order":"XYZ"},"scale":{"x":1,"y":1,"z":1},"type":"Group","up":{"x":0,"y":1,"z":0},"userData":{"author":"","loader":"AMF","_children":[{"uuid":"DB326B83-B12A-46B7-AA60-F20144ED1314","children":[{"uuid":"CA2FCE40-020E-4760-ADE8-61D565AB6665","children":[]}]}],"physics":{"enabled":false,"type":"rigidBody","shape":"btBoxShape","mass":1,"inertia":{"x":0,"y":0,"z":0}},"ID":"5d7b0549c8b49a1a38e73429","Name":"rook","CategoryID":"","CategoryName":"","TotalPinYin":"rook","FirstPinYin":"rook","Type":"amf","Url":"/Upload/Model/20190913105609/rook.amf","FileName":null,"FileSize":0,"FileType":null,"SaveName":null,"SavePath":null,"AddTime":"0001-01-01 00:00:00","Thumbnail":"","id":"5d7b0549c8b49a1a38e73429","src":null,"title":"rook","icon":"model","cornerText":"amf","Server":true,"children":[{"uuid":"DB326B83-B12A-46B7-AA60-F20144ED1314","children":[{"uuid":"CA2FCE40-020E-4760-ADE8-61D565AB6665","children":[]}]}]},"uuid":"F463B09A-A5C5-43B3-8449-018BDCD37CD6","visible":true,"isObject3D":true},{"_id":"5d7b05b8c8b49a1a38e73455","metadata":{"generator":"GroupSerializer","type":"Object","version":"0.0.1"},"castShadow":false,"children":["CA2FCE40-020E-4760-ADE8-61D565AB6665"],"frustumCulled":true,"layers":{"mask":1},"matrix":{"elements":[1,0,0,0,0,1,0,0,0,0,1,0,0,0,0,1]},"matrixAutoUpdate":true,"matrixWorld":{"elements":[1,0,0,0,0,2.2204460492503131E-16,-1,0,0,1,2.2204460492503131E-16,0,0,0,0,1]},"matrixWorldNeedsUpdate":false,"modelViewMatrix":{"elements":[1,0,0,0,0,1,0,0,0,0,1,0,0,0,0,1]},"name":"Rook","normalMatrix":{"elements":[1,0,0,0,1,0,0,0,1]},"parent":"F463B09A-A5C5-43B3-8449-018BDCD37CD6","position":{"x":0,"y":0,"z":0},"quaternion":{"x":0,"y":0,"z":0,"w":1},"receiveShadow":false,"renderOrder":0,"rotation":{"x":0,"y":0,"z":0,"order":"XYZ"},"scale":{"x":1,"y":1,"z":1},"type":"Group","up":{"x":0,"y":1,"z":0},"userData":{},"uuid":"DB326B83-B12A-46B7-AA60-F20144ED1314","visible":true,"isObject3D":true},{"_id":"5d7b05b8c8b49a1a38e73456","metadata":{"generator":"MeshSerializer","type":"Object","version":"0.0.1"},"castShadow":false,"children":[],"frustumCulled":true,"layers":{"mask":1},"matrix":{"elements":[1,0,0,0,0,1,0,0,0,0,1,0,0,0,0,1]},"matrixAutoUpdate":true,"matrixWorld":{"elements":[1,0,0,0,0,2.2204460492503131E-16,-1,0,0,1,2.2204460492503131E-16,0,0,0,0,1]},"matrixWorldNeedsUpdate":false,"modelViewMatrix":{"elements":[0.99999992073295552,-2.381065176310409E-05,0.00039745079638972688,0,0.00039816338692578442,0.059801203871470913,-0.99821022709719831,0,-8.1633768367513776E-20,0.99821030622237894,0.059801208611735969,0,0.22323615357742185,-2.4504833737350147,-17.616718514119665,1]},"name":"","normalMatrix":{"elements":[0.99999992073295552,-2.38106517631041E-05,0.00039745079638972683,0.00039816338692578442,0.059801203871470907,-0.9982102270971982,-9.4867690092481638E-20,0.998210306222379,0.059801208611735976]},"parent":"DB326B83-B12A-46B7-AA60-F20144ED1314","position":{"x":0,"y":0,"z":0},"quaternion":{"x":0,"y":0,"z":0,"w":1},"receiveShadow":false,"renderOrder":0,"rotation":{"x":0,"y":0,"z":0,"order":"XYZ"},"scale":{"x":1,"y":1,"z":1},"type":"Mesh","up":{"x":0,"y":1,"z":0},"userData":{},"uuid":"CA2FCE40-020E-4760-ADE8-61D565AB6665","visible":true,"isObject3D":true,"drawMode":0,"geometry":{"metadata":{"generator":"BufferGeometrySerializer","type":"Object","version":"0.0.1"},"boundingBox":null,"boundingSphere":{"center":{"x":0,"y":0,"z":1.8576149940490723},"radius":2.1187950858809472},"drawRange":{"start":0,"count":null},"groups":[],"morphAttributes":{},"name":"","type":"BufferGeometry","userData":{},"uuid":"47D24336-D734-4849-8BCD-DFD978634D2C"},"material":{"metadata":{"generator":"MeshPhongMaterialSerializer","type":"Object","version":"0.0.1"},"alphaMap":null,"alphaTest":0,"aoMap":null,"aoMapIntensity":1,"blendDst":205,"blendDstAlpha":null,"blendEquation":100,"blendEquationAlpha":null,"blendSrc":204,"blendSrcAlpha":null,"blending":1,"bumpMap":null,"bumpScale":1,"clipIntersection":false,"clippingPlanes":null,"color":11184895,"colorWrite":true,"depthFunc":3,"depthTest":true,"depthWrite":true,"displacementBias":0,"displacementMap":null,"displacementScale":1,"dithering":false,"emissive":0,"emissiveIntensity":1,"emissiveMap":null,"envMap":null,"flatShading":true,"fog":true,"lightMap":null,"lightMapIntensity":1,"lights":true,"map":null,"metalnessMap":null,"morphNormals":false,"morphTargets":false,"name":"","normalMap":null,"normalScale":{"x":1,"y":1},"opacity":1,"polygonOffset":false,"polygonOffsetFactor":0,"polygonOffsetUnits":0,"precision":null,"premultipliedAlpha":false,"refractionRatio":0.98,"roughnessMap":null,"shadowSide":null,"side":0,"skinning":false,"transparent":false,"type":"MeshPhongMaterial","userData":{},"uuid":"D5433E1F-7BB0-440E-AA65-608456013921","vertexColors":0,"visible":true,"wireframe":false,"wireframeLinecap":"round","wireframeLinejoin":"round","wireframeLinewidth":1,"specular":1118481,"shininess":30}}]}