{"Code":200,"Msg":"Get Successfully!","Data":[{"_id":"5d7b85d5c8b49a0cf886172a","metadata":{"generator":"OptionsSerializer","type":"Object","version":"0.0.1"},"server":"http://localhost:2000","sceneType":"Empty","shadowMapType":2,"gammaInput":false,"gammaOutput":false,"gammaFactor":2,"hueRotate":0,"saturate":1,"brightness":1,"blur":0,"contrast":1,"grayscale":0,"invert":0,"sepia":0,"theme":"assets/css/light.css","showGrid":true,"showCameraHelper":true,"showPointLightHelper":false,"showDirectionalLightHelper":true,"showSpotLightHelper":true,"showHemisphereLightHelper":true,"showRectAreaLightHelper":true,"showSkeletonHelper":false,"selected":"3D0DAF57-FBDF-40AA-9689-D076F4D31D26"},{"_id":"5d7b85d5c8b49a0cf886172b","metadata":{"generator":"PerspectiveCameraSerializer","type":"Object","version":"0.0.1"},"castShadow":false,"children":["E1144306-83DF-456D-85C1-37E8FC0EA8FB"],"frustumCulled":true,"layers":{"mask":1},"matrix":{"elements":[0.97581048092824507,6.9388939039072284E-18,-0.218618172416172,0,-0.085101085146996158,0.92112449220319359,-0.37985191215816277,0,0.20137455305323668,0.38926812079003964,0.89884293373158375,0,3.6355048781042334,4.658905423840336,10.200967122688224,1]},"matrixAutoUpdate":true,"matrixWorld":{"elements":[0.97581048092824507,6.9388939039072284E-18,-0.218618172416172,0,-0.085101085146996158,0.92112449220319359,-0.37985191215816277,0,0.20137455305323668,0.38926812079003964,0.89884293373158375,0,3.6355048781042334,4.658905423840336,10.200967122688224,1]},"matrixWorldNeedsUpdate":false,"modelViewMatrix":{"elements":[1,0,0,0,0,1,0,0,0,0,1,0,0,0,0,1]},"name":"默认相机","normalMatrix":{"elements":[1,0,0,0,1,0,0,0,1]},"parent":null,"position":{"x":3.6355048781042334,"y":4.658905423840336,"z":10.200967122688224},"quaternion":{"x":-0.19738481134162003,"y":0.10778575687836113,"z":0.021840104167249332,"w":0.97413781197310878},"receiveShadow":false,"renderOrder":0,"rotation":{"x":-0.40869192426140377,"y":0.20276101951419043,"z":0.08699057339544547,"order":"XYZ"},"scale":{"x":1,"y":1,"z":1},"type":"PerspectiveCamera","up":{"x":0,"y":1,"z":0},"userData":{"isDefault":true,"control":"OrbitControls","orbitOptions":{"minDistance":0,"maxDistance":99999,"minPolarAngle":0,"maxPolarAngle":3.1415926535897931,"minAzimuthAngle":-9999,"maxAzimuthAngle":9999,"enableDamping":false,"dampingFactor":0.25,"enableZoom":true,"zoomSpeed":1,"enableRotate":true,"rotateSpeed":1,"enablePan":true,"panSpeed":1,"screenSpacePanning":false,"keyPanSpeed":7,"autoRotate":false,"autoRotateSpeed":2,"enableKeys":true}},"uuid":"ADEFB881-71A6-41DC-BA59-43A0FAF85B01","visible":true,"isObject3D":true,"matrixWorldInverse":{"elements":[0.97581048092824507,-0.085101085146996158,0.20137455305323668,0,-1.3877787807814457E-17,0.92112449220319348,0.38926812079003964,0,-0.21861817241617204,-0.37985191215816277,0.89884293373158386,0,-1.3174469742803161,-0.10718961515809156,-11.71472874468447,1.0000000000000002]},"projectionMatrix":{"elements":[1.1615432125569514,0,0,0,0,2.1445069205095586,0,0,0,0,-1.0000200002000021,-1,0,0,-0.20000200002000021,0]},"aspect":1.8462566844919786,"far":10000,"filmGauge":35,"filmOffset":0,"focus":10,"fov":50,"near":0.1,"view":null,"zoom":1},{"_id":"5d7b85d5c8b49a0cf886172c","metadata":{"generator":"WebGLRendererSerializer","type":"Object","version":"0.0.1"},"antialias":true,"autoClear":false,"autoClearColor":true,"autoClearDepth":true,"autoClearStencil":true,"autoUpdateScene":false,"clippingPlanes":[],"gammaFactor":2,"gammaInput":false,"gammaOutput":false,"localClippingEnabled":false,"physicallyCorrectLights":false,"shadowMap":{"metadata":{"generator":"WebGLShadowMapSerializer","type":"Object","version":"0.0.1"},"autoUpdate":true,"enabled":true,"needsUpdate":false,"type":2},"sortObjects":true,"toneMapping":1,"toneMappingExposure":1,"toneMappingWhitePoint":1},{"_id":"5c3159f9c8b49a35149c615a","metadata":{"generator":"AnimationSerializer","type":"Object","version":"0.0.1"},"id":"5c178c6bc8b49a1d70668a54","uuid":"C4DD0C20-8DCC-458D-BF50-99EDB87A723C","name":"组1","type":"AnimationGroup","index":1,"animations":[],"layerName":"AnimLayer1"},{"_id":"5c3159f9c8b49a35149c615b","metadata":{"generator":"AnimationSerializer","type":"Object","version":"0.0.1"},"id":"5c178c6bc8b49a1d70668a55","uuid":"AB3C2284-F733-4943-BF79-4A58A27967CA","name":"组2","type":"AnimationGroup","index":1,"animations":[],"layerName":"AnimLayer2"},{"_id":"5c3159f9c8b49a35149c615c","metadata":{"generator":"AnimationSerializer","type":"Object","version":"0.0.1"},"id":"5c178c6bc8b49a1d70668a56","uuid":"9A23A75F-EC53-4A63-B011-7484CE9DA800","name":"组3","type":"AnimationGroup","index":2,"animations":[],"layerName":"AnimLayer3"},{"_id":"5d7b85d5c8b49a0cf886172d","metadata":{"generator":"AudioListenerSerializer","type":"Object","version":"0.0.1"},"castShadow":false,"children":[],"frustumCulled":true,"layers":{"mask":1},"matrix":{"elements":[1,0,0,0,0,1,0,0,0,0,1,0,0,0,0,1]},"matrixAutoUpdate":true,"matrixWorld":{"elements":[0.97581048092824507,6.9388939039072284E-18,-0.218618172416172,0,-0.085101085146996158,0.92112449220319359,-0.37985191215816277,0,0.20137455305323668,0.38926812079003964,0.89884293373158375,0,3.6355048781042334,4.658905423840336,10.200967122688224,1]},"matrixWorldNeedsUpdate":false,"modelViewMatrix":{"elements":[1,0,0,0,0,1,0,0,0,0,1,0,0,0,0,1]},"name":"音频监听器","normalMatrix":{"elements":[1,0,0,0,1,0,0,0,1]},"parent":"ADEFB881-71A6-41DC-BA59-43A0FAF85B01","position":{"x":0,"y":0,"z":0},"quaternion":{"x":0,"y":0,"z":0,"w":1},"receiveShadow":false,"renderOrder":0,"rotation":{"x":0,"y":0,"z":0,"order":"XYZ"},"scale":{"x":1,"y":1,"z":1},"type":"AudioListener","up":{"x":0,"y":1,"z":0},"userData":{},"uuid":"E1144306-83DF-456D-85C1-37E8FC0EA8FB","visible":true,"isObject3D":true,"masterVolume":1},{"_id":"5d7b85d5c8b49a0cf886172e","metadata":{"generator":"VisualSerializer","type":"Object","version":"0.0.1"},"data":[]},{"_id":"5d7b85d5c8b49a0cf886172f","metadata":{"generator":"SceneSerializer","type":"Object","version":"0.0.1"},"castShadow":false,"children":["F7BAA6F8-2297-4869-9B9A-1E9F9102D9BF","91BDAAC0-327A-4D0F-9452-87E55204B4C3","3D0DAF57-FBDF-40AA-9689-D076F4D31D26","54E0D66F-30B4-4520-8599-3AEC0A1B9149","A14217E4-D261-4201-9A64-4CE8DD315A07","DEEB3F0E-C746-4EBE-9471-423DAD0227D4","BAF21BA3-22C3-4930-ABBD-CD65445C9777","83379181-3D77-4753-8049-E112F4A179BB","B6557000-8567-4CB6-A6D7-13657992F1EE","397780A7-B709-46C6-8771-56C533DDCF99","BC78DF89-FC70-49BA-8EDD-BFF44D0B41E9","F71855A7-A518-4795-A958-B706F0EC13EB","ACA67592-1C7B-4A0B-B39C-EAA08FE0AAE3","9FD999B0-5CD7-49FA-8440-8D28265E13C1","96E7709B-6205-4CE8-8FCD-D4FB41A0B433"],"frustumCulled":true,"layers":{"mask":1},"matrix":{"elements":[1,0,0,0,0,1,0,0,0,0,1,0,0,0,0,1]},"matrixAutoUpdate":true,"matrixWorld":{"elements":[1,0,0,0,0,1,0,0,0,0,1,0,0,0,0,1]},"matrixWorldNeedsUpdate":false,"modelViewMatrix":{"elements":[1,0,0,0,0,1,0,0,0,0,1,0,0,0,0,1]},"name":"场景","normalMatrix":{"elements":[1,0,0,0,1,0,0,0,1]},"parent":null,"position":{"x":0,"y":0,"z":0},"quaternion":{"x":0,"y":0,"z":0,"w":1},"receiveShadow":false,"renderOrder":0,"rotation":{"x":0,"y":0,"z":0,"order":"XYZ"},"scale":{"x":1,"y":1,"z":1},"type":"Scene","up":{"x":0,"y":1,"z":0},"userData":{"children":[{"uuid":"F7BAA6F8-2297-4869-9B9A-1E9F9102D9BF","children":[]},{"uuid":"91BDAAC0-327A-4D0F-9452-87E55204B4C3","children":[]},{"uuid":"3D0DAF57-FBDF-40AA-9689-D076F4D31D26","children":[]},{"uuid":"54E0D66F-30B4-4520-8599-3AEC0A1B9149","children":[]},{"uuid":"A14217E4-D261-4201-9A64-4CE8DD315A07","children":[]},{"uuid":"DEEB3F0E-C746-4EBE-9471-423DAD0227D4","children":[]},{"uuid":"BAF21BA3-22C3-4930-ABBD-CD65445C9777","children":[]},{"uuid":"83379181-3D77-4753-8049-E112F4A179BB","children":[]},{"uuid":"B6557000-8567-4CB6-A6D7-13657992F1EE","children":[]},{"uuid":"397780A7-B709-46C6-8771-56C533DDCF99","children":[]},{"uuid":"BC78DF89-FC70-49BA-8EDD-BFF44D0B41E9","children":[]},{"uuid":"F71855A7-A518-4795-A958-B706F0EC13EB","children":[]},{"uuid":"ACA67592-1C7B-4A0B-B39C-EAA08FE0AAE3","children":[]},{"uuid":"9FD999B0-5CD7-49FA-8440-8D28265E13C1","children":[]},{"uuid":"96E7709B-6205-4CE8-8FCD-D4FB41A0B433","children":[]}]},"uuid":"F321107D-B892-4A78-93A1-5ACF4C969F91","visible":true,"isObject3D":true,"background":8388863,"fog":{"type":"FogExp2","color":16711935,"density":0.05},"overrideMaterial":null},{"_id":"5d7b85d5c8b49a0cf8861730","metadata":{"generator":"AmbientLightSerializer","type":"Object","version":"0.0.1"},"children":[],"frustumCulled":true,"layers":{"mask":1},"matrix":{"elements":[1,0,0,0,0,1,0,0,0,0,1,0,0,0,0,1]},"matrixAutoUpdate":true,"matrixWorld":{"elements":[1,0,0,0,0,1,0,0,0,0,1,0,0,0,0,1]},"matrixWorldNeedsUpdate":false,"modelViewMatrix":{"elements":[1,0,0,0,0,1,0,0,0,0,1,0,0,0,0,1]},"name":"环境光","normalMatrix":{"elements":[1,0,0,0,1,0,0,0,1]},"parent":"F321107D-B892-4A78-93A1-5ACF4C969F91","position":{"x":0,"y":0,"z":0},"quaternion":{"x":0,"y":0,"z":0,"w":1},"renderOrder":0,"rotation":{"x":0,"y":0,"z":0,"order":"XYZ"},"scale":{"x":1,"y":1,"z":1},"type":"AmbientLight","up":{"x":0,"y":1,"z":0},"userData":{},"uuid":"F7BAA6F8-2297-4869-9B9A-1E9F9102D9BF","visible":true,"isObject3D":true,"color":16777215,"intensity":0.24,"isLight":true,"shadow":null,"isAmbientLight":true},{"_id":"5d7b85d5c8b49a0cf8861731","metadata":{"generator":"DirectionalLightSerializer","type":"Object","version":"0.0.1"},"castShadow":true,"children":[],"frustumCulled":true,"layers":{"mask":1},"matrix":{"elements":[1,0,0,0,0,1,0,0,0,0,1,0,5,10,7.5,1]},"matrixAutoUpdate":true,"matrixWorld":{"elements":[1,0,0,0,0,1,0,0,0,0,1,0,5,10,7.5,1]},"matrixWorldNeedsUpdate":false,"modelViewMatrix":{"elements":[1,0,0,0,0,1,0,0,0,0,1,0,0,0,0,1]},"name":"平行光","normalMatrix":{"elements":[1,0,0,0,1,0,0,0,1]},"parent":"F321107D-B892-4A78-93A1-5ACF4C969F91","position":{"x":5,"y":10,"z":7.5},"quaternion":{"x":0,"y":0,"z":0,"w":1},"renderOrder":0,"rotation":{"x":0,"y":0,"z":0,"order":"XYZ"},"scale":{"x":1,"y":1,"z":1},"type":"DirectionalLight","up":{"x":0,"y":1,"z":0},"userData":{},"uuid":"91BDAAC0-327A-4D0F-9452-87E55204B4C3","visible":true,"isObject3D":true,"color":16777215,"intensity":0.56,"isLight":true,"shadow":{"metadata":{"generator":"DirectionalLightShadowSerializer","type":"Object","version":"0.0.1"},"bias":0,"camera":{"metadata":{"generator":"OrthographicCameraSerializer","type":"Object","version":"0.0.1"},"castShadow":false,"children":[],"frustumCulled":true,"layers":{"mask":1},"matrix":{"elements":[0.83205029433784372,2.7755575615628914E-17,-0.554700196225229,0,-0.41202096209968375,0.66953406341198618,-0.61803144314952574,0,0.37139067635410372,0.74278135270820744,0.55708601453115558,0,5,10,7.5,1]},"matrixAutoUpdate":true,"matrixWorld":{"elements":[0.83205029433784372,2.7755575615628914E-17,-0.554700196225229,0,-0.41202096209968375,0.66953406341198618,-0.61803144314952574,0,0.37139067635410372,0.74278135270820744,0.55708601453115558,0,5,10,7.5,1]},"matrixWorldNeedsUpdate":false,"modelViewMatrix":{"elements":[1,0,0,0,0,1,0,0,0,0,1,0,0,0,0,1]},"name":"","normalMatrix":{"elements":[1,0,0,0,1,0,0,0,1]},"parent":null,"position":{"x":5,"y":10,"z":7.5},"quaternion":{"x":-0.38904698186552672,"y":0.26476298577359092,"z":0.1177939480420426,"w":0.87445273918619892},"receiveShadow":false,"renderOrder":0,"rotation":{"x":-0.92729521800161219,"y":0.3805063771123649,"z":0.45979025757734426,"order":"XYZ"},"scale":{"x":1,"y":1,"z":1},"type":"OrthographicCamera","up":{"x":0,"y":1,"z":0},"userData":{},"uuid":"631234D8-B1F4-427D-9670-F4F86981474B","visible":true,"isObject3D":true,"matrixWorldInverse":{"elements":[0.83205029433784372,-0.41202096209968375,0.37139067635410367,0,-5.5511151231257827E-17,0.66953406341198618,0.74278135270820744,0,-0.55470019622522915,-0.61803144314952574,0.55708601453115558,0,0,0,-13.46291201783626,1]},"projectionMatrix":{"elements":[0.01,0,0,0,0,0.01,0,0,0,0,-0.004004004004004004,0,0,0,-1.002002002002002,1]},"bottom":-100,"far":500,"left":-100,"near":0.5,"right":100,"top":100,"view":null,"zoom":1},"map":{"metadata":{"generator":"WebGLRenderTargetSerializer","type":"Object","version":"0.0.1"},"depthBuffer":true,"depthTexture":null,"height":2048,"scissor":{"x":0,"y":0,"z":2048,"w":2048},"scissorTest":false,"stencilBuffer":true,"texture":{"metadata":{"generator":"TextureSerializer","type":"Object","version":"0.0.1"},"anisotropy":1,"center":{"x":0,"y":0},"encoding":3000,"flipY":true,"format":1023,"generateMipmaps":false,"image":null,"magFilter":1003,"mapping":300,"matrix":{"elements":[1,0,0,0,1,0,0,0,1]},"matrixAutoUpdate":true,"minFilter":1003,"mipmaps":[],"name":"平行光.shadowMap","offset":{"x":0,"y":0},"premultiplyAlpha":false,"repeat":{"x":1,"y":1},"rotation":0,"type":1009,"unpackAlignment":4,"uuid":"A65FDF9D-8B8D-4A2D-A8C2-988468AA089D","version":0,"wrapS":1001,"wrapT":1001,"isTexture":true},"viewport":{"x":0,"y":0,"z":2048,"w":2048},"width":2048,"isWebGLRenderTarget":true},"mapSize":{"x":2048,"y":2048},"matrix":{"elements":[0.0041602514716892183,-0.0020601048104984189,-0.00074352487758579317,0,-2.7755575615628914E-19,0.0033476703170599309,-0.0014870497551715866,0,-0.002773500981126146,-0.0030901572157476286,-0.00111528731637869,0,0.5,0.5,0.025951775811484026,1]},"radius":1},"isDirectionalLight":true},{"_id":"5d7b85d5c8b49a0cf8861732","metadata":{"generator":"MeshSerializer","type":"Object","version":"0.0.1"},"castShadow":true,"children":[],"frustumCulled":true,"layers":{"mask":1},"matrix":{"elements":[1,0,0,0,0,2.2204460492503131E-16,-1,0,0,1,2.2204460492503131E-16,0,0,0,0,1]},"matrixAutoUpdate":true,"matrixWorld":{"elements":[1,0,0,0,0,2.2204460492503131E-16,-1,0,0,1,2.2204460492503131E-16,0,0,0,0,1]},"matrixWorldNeedsUpdate":false,"modelViewMatrix":{"elements":[0.97581048092824507,-0.085101085146996158,0.20137455305323668,0,0.21861817241617204,0.379851912158163,-0.89884293373158375,0,-6.2420773531395755E-17,0.92112449220319337,0.38926812079003986,0,-1.3174469742803161,-0.10718961515809156,-11.71472874468447,1.0000000000000002]},"name":"平面","normalMatrix":{"elements":[0.97581048092824485,-0.085101085146996144,0.20137455305323662,0.21861817241617199,0.37985191215816289,-0.89884293373158342,-6.9388939039072271E-17,0.92112449220319337,0.38926812079003975]},"parent":"F321107D-B892-4A78-93A1-5ACF4C969F91","position":{"x":0,"y":0,"z":0},"quaternion":{"x":-0.70710678118654746,"y":0,"z":0,"w":0.70710678118654757},"receiveShadow":true,"renderOrder":0,"rotation":{"x":-1.5707963267948966,"y":0,"z":0,"order":"XYZ"},"scale":{"x":1,"y":1,"z":1},"type":"Mesh","up":{"x":0,"y":1,"z":0},"userData":{},"uuid":"3D0DAF57-FBDF-40AA-9689-D076F4D31D26","visible":true,"isObject3D":true,"drawMode":0,"geometry":{"metadata":{"generator":"PlaneBufferGeometrySerializer","type":"Object","version":"0.0.1"},"boundingBox":null,"boundingSphere":{"center":{"x":0,"y":0,"z":0},"radius":35.355339059327378},"drawRange":{"start":0,"count":null},"groups":[],"morphAttributes":{},"name":"","parameters":{"width":50,"height":50},"type":"PlaneBufferGeometry","userData":{},"uuid":"B01EA1B5-CA7F-4E02-BD83-32097DA77DB4"},"material":{"metadata":{"generator":"MeshStandardMaterialSerializer","type":"Object","version":"0.0.1"},"alphaMap":null,"alphaTest":0,"aoMap":null,"aoMapIntensity":1,"blendDst":205,"blendDstAlpha":null,"blendEquation":100,"blendEquationAlpha":null,"blendSrc":204,"blendSrcAlpha":null,"blending":1,"bumpMap":null,"bumpScale":1,"clipIntersection":false,"clippingPlanes":null,"color":16777215,"colorWrite":true,"depthFunc":3,"depthTest":true,"depthWrite":true,"displacementBias":0,"displacementMap":null,"displacementScale":1,"dithering":false,"emissive":0,"emissiveIntensity":1,"emissiveMap":null,"envMap":null,"envMapIntensity":1,"flatShading":false,"fog":true,"lightMap":null,"lightMapIntensity":1,"lights":true,"map":null,"metalness":0.5,"metalnessMap":null,"morphNormals":false,"morphTargets":false,"name":"","normalMap":null,"normalScale":{"x":1,"y":1},"opacity":1,"polygonOffset":false,"polygonOffsetFactor":0,"polygonOffsetUnits":0,"precision":null,"premultipliedAlpha":false,"refractionRatio":0.98,"roughness":0.5,"roughnessMap":null,"shadowSide":null,"side":0,"skinning":false,"transparent":false,"type":"MeshStandardMaterial","userData":{},"uuid":"A3CB476F-3F00-49FB-B968-4FC964083600","vertexColors":0,"visible":true,"wireframe":false,"wireframeLinecap":"round","wireframeLinejoin":"round","wireframeLinewidth":1}},{"_id":"5d7b85d5c8b49a0cf8861733","metadata":{"generator":"MeshSerializer","type":"Object","version":"0.0.1"},"castShadow":true,"children":[],"frustumCulled":true,"layers":{"mask":1},"matrix":{"elements":[1,0,0,0,0,1,0,0,0,0,1,0,-0.27296324809864148,0.58779897991777652,0,1]},"matrixAutoUpdate":true,"matrixWorld":{"elements":[1,0,0,0,0,1,0,0,0,0,1,0,-0.27296324809864148,0.58779897991777652,0,1]},"matrixWorldNeedsUpdate":false,"modelViewMatrix":{"elements":[0.97581048092824507,-0.085101085146996158,0.20137455305323668,0,-1.3877787807814457E-17,0.92112449220319348,0.38926812079003964,0,-0.21861817241617204,-0.37985191215816277,0.89884293373158386,0,-1.5838073726831874,0.45747589035466862,-11.540885192455399,1.0000000000000002]},"name":"正方体","normalMatrix":{"elements":[0.97581048092824485,-0.085101085146996144,0.20137455305323662,0,0.92112449220319337,0.38926812079003953,-0.21861817241617196,-0.37985191215816266,0.89884293373158353]},"parent":"F321107D-B892-4A78-93A1-5ACF4C969F91","position":{"x":-0.27296324809864148,"y":0.58779897991777652,"z":0},"quaternion":{"x":0,"y":0,"z":0,"w":1},"receiveShadow":true,"renderOrder":0,"rotation":{"x":0,"y":0,"z":0,"order":"XYZ"},"scale":{"x":1,"y":1,"z":1},"type":"Mesh","up":{"x":0,"y":1,"z":0},"userData":{},"uuid":"54E0D66F-30B4-4520-8599-3AEC0A1B9149","visible":true,"isObject3D":true,"drawMode":0,"geometry":{"metadata":{"generator":"BoxBufferGeometrySerializer","type":"Object","version":"0.0.1"},"boundingBox":null,"boundingSphere":{"center":{"x":0,"y":0,"z":0},"radius":0.8660254037844386},"drawRange":{"start":0,"count":null},"groups":[{"start":0,"count":6,"materialIndex":0},{"start":6,"count":6,"materialIndex":1},{"start":12,"count":6,"materialIndex":2},{"start":18,"count":6,"materialIndex":3},{"start":24,"count":6,"materialIndex":4},{"start":30,"count":6,"materialIndex":5}],"morphAttributes":{},"name":"","parameters":{"width":1,"height":1,"depth":1},"type":"BoxBufferGeometry","userData":{},"uuid":"A325E882-139E-44AE-8CFE-3C2A85C19647"},"material":{"metadata":{"generator":"MeshStandardMaterialSerializer","type":"Object","version":"0.0.1"},"alphaMap":null,"alphaTest":0,"aoMap":null,"aoMapIntensity":1,"blendDst":205,"blendDstAlpha":null,"blendEquation":100,"blendEquationAlpha":null,"blendSrc":204,"blendSrcAlpha":null,"blending":1,"bumpMap":null,"bumpScale":1,"clipIntersection":false,"clippingPlanes":null,"color":16777215,"colorWrite":true,"depthFunc":3,"depthTest":true,"depthWrite":true,"displacementBias":0,"displacementMap":null,"displacementScale":1,"dithering":false,"emissive":0,"emissiveIntensity":1,"emissiveMap":null,"envMap":null,"envMapIntensity":1,"flatShading":false,"fog":true,"lightMap":null,"lightMapIntensity":1,"lights":true,"map":null,"metalness":0.5,"metalnessMap":null,"morphNormals":false,"morphTargets":false,"name":"","normalMap":null,"normalScale":{"x":1,"y":1},"opacity":1,"polygonOffset":false,"polygonOffsetFactor":0,"polygonOffsetUnits":0,"precision":null,"premultipliedAlpha":false,"refractionRatio":0.98,"roughness":0.5,"roughnessMap":null,"shadowSide":null,"side":0,"skinning":false,"transparent":false,"type":"MeshStandardMaterial","userData":{},"uuid":"9072C025-5ED9-45CD-B5E7-241210E54257","vertexColors":0,"visible":true,"wireframe":false,"wireframeLinecap":"round","wireframeLinejoin":"round","wireframeLinewidth":1}},{"_id":"5d7b85d5c8b49a0cf8861734","metadata":{"generator":"MeshSerializer","type":"Object","version":"0.0.1"},"castShadow":true,"children":[],"frustumCulled":true,"layers":{"mask":1},"matrix":{"elements":[1,0,0,0,0,1,0,0,0,0,1,0,-2.206056148915934,0.99076223460019763,-0.94955585311694679,1]},"matrixAutoUpdate":true,"matrixWorld":{"elements":[1,0,0,0,0,1,0,0,0,0,1,0,-2.206056148915934,0.99076223460019763,-0.94955585311694679,1]},"matrixWorldNeedsUpdate":false,"modelViewMatrix":{"elements":[0.97581048092824507,-0.085101085146996158,0.20137455305323668,0,-1.3877787807814457E-17,0.92112449220319348,0.38926812079003964,0,-0.21861817241617204,-0.37985191215816277,0.89884293373158386,0,-3.26254952069318,1.3538541237575139,-12.626801731227834,1.0000000000000002]},"name":"圆","normalMatrix":{"elements":[0.97581048092824485,-0.085101085146996144,0.20137455305323662,0,0.92112449220319337,0.38926812079003953,-0.21861817241617196,-0.37985191215816266,0.89884293373158353]},"parent":"F321107D-B892-4A78-93A1-5ACF4C969F91","position":{"x":-2.206056148915934,"y":0.99076223460019763,"z":-0.94955585311694679},"quaternion":{"x":0,"y":0,"z":0,"w":1},"receiveShadow":true,"renderOrder":0,"rotation":{"x":0,"y":0,"z":0,"order":"XYZ"},"scale":{"x":1,"y":1,"z":1},"type":"Mesh","up":{"x":0,"y":1,"z":0},"userData":{},"uuid":"A14217E4-D261-4201-9A64-4CE8DD315A07","visible":true,"isObject3D":true,"drawMode":0,"geometry":{"metadata":{"generator":"CircleBufferGeometrySerializer","type":"Object","version":"0.0.1"},"boundingBox":null,"boundingSphere":{"center":{"x":0,"y":0,"z":0},"radius":1},"drawRange":{"start":0,"count":null},"groups":[],"morphAttributes":{},"name":"","parameters":{"radius":1,"segments":32},"type":"CircleBufferGeometry","userData":{},"uuid":"B02BE67D-40E3-4694-AC41-7A1F1FC4979B"},"material":{"metadata":{"generator":"MeshStandardMaterialSerializer","type":"Object","version":"0.0.1"},"alphaMap":null,"alphaTest":0,"aoMap":null,"aoMapIntensity":1,"blendDst":205,"blendDstAlpha":null,"blendEquation":100,"blendEquationAlpha":null,"blendSrc":204,"blendSrcAlpha":null,"blending":1,"bumpMap":null,"bumpScale":1,"clipIntersection":false,"clippingPlanes":null,"color":16777215,"colorWrite":true,"depthFunc":3,"depthTest":true,"depthWrite":true,"displacementBias":0,"displacementMap":null,"displacementScale":1,"dithering":false,"emissive":0,"emissiveIntensity":1,"emissiveMap":null,"envMap":null,"envMapIntensity":1,"flatShading":false,"fog":true,"lightMap":null,"lightMapIntensity":1,"lights":true,"map":null,"metalness":0.5,"metalnessMap":null,"morphNormals":false,"morphTargets":false,"name":"","normalMap":null,"normalScale":{"x":1,"y":1},"opacity":1,"polygonOffset":false,"polygonOffsetFactor":0,"polygonOffsetUnits":0,"precision":null,"premultipliedAlpha":false,"refractionRatio":0.98,"roughness":0.5,"roughnessMap":null,"shadowSide":null,"side":0,"skinning":false,"transparent":false,"type":"MeshStandardMaterial","userData":{},"uuid":"DC863DEA-4DAC-4357-871E-1CB9C4ED250C","vertexColors":0,"visible":true,"wireframe":false,"wireframeLinecap":"round","wireframeLinejoin":"round","wireframeLinewidth":1}},{"_id":"5d7b85d5c8b49a0cf8861735","metadata":{"generator":"MeshSerializer","type":"Object","version":"0.0.1"},"castShadow":true,"children":[],"frustumCulled":true,"layers":{"mask":1},"matrix":{"elements":[1,0,0,0,0,1,0,0,0,0,1,0,2.1456178150378151,0.92272212748420079,-0.48004368185575508,1]},"matrixAutoUpdate":true,"matrixWorld":{"elements":[1,0,0,0,0,1,0,0,0,0,1,0,2.1456178150378151,0.92272212748420079,-0.48004368185575508,1]},"matrixWorldNeedsUpdate":false,"modelViewMatrix":{"elements":[0.97581048092824507,-0.085101085146996158,0.20137455305323668,0,-1.3877787807814457E-17,0.92112449220319348,0.38926812079003964,0,-0.21861817241617204,-0.37985191215816277,0.89884293373158386,0,0.88121565010718,0.74250344206735153,-11.354953478899542,1.0000000000000002]},"name":"圆柱体","normalMatrix":{"elements":[0.97581048092824485,-0.085101085146996144,0.20137455305323662,0,0.92112449220319337,0.38926812079003953,-0.21861817241617196,-0.37985191215816266,0.89884293373158353]},"parent":"F321107D-B892-4A78-93A1-5ACF4C969F91","position":{"x":2.1456178150378151,"y":0.92272212748420079,"z":-0.48004368185575508},"quaternion":{"x":0,"y":0,"z":0,"w":1},"receiveShadow":true,"renderOrder":0,"rotation":{"x":0,"y":0,"z":0,"order":"XYZ"},"scale":{"x":1,"y":1,"z":1},"type":"Mesh","up":{"x":0,"y":1,"z":0},"userData":{},"uuid":"DEEB3F0E-C746-4EBE-9471-423DAD0227D4","visible":true,"isObject3D":true,"drawMode":0,"geometry":{"metadata":{"generator":"CylinderBufferGeometrySerializer","type":"Object","version":"0.0.1"},"boundingBox":null,"boundingSphere":{"center":{"x":0,"y":0,"z":0},"radius":1.4142135623730951},"drawRange":{"start":0,"count":null},"groups":[{"start":0,"count":192,"materialIndex":0},{"start":192,"count":96,"materialIndex":1},{"start":288,"count":96,"materialIndex":2}],"morphAttributes":{},"name":"","parameters":{"radiusTop":1,"radiusBottom":1,"height":2,"radialSegments":32,"heightSegments":1,"openEnded":false},"type":"CylinderBufferGeometry","userData":{},"uuid":"074239EB-9CBA-4DA2-A425-92BB8AEFF8DC"},"material":{"metadata":{"generator":"MeshStandardMaterialSerializer","type":"Object","version":"0.0.1"},"alphaMap":null,"alphaTest":0,"aoMap":null,"aoMapIntensity":1,"blendDst":205,"blendDstAlpha":null,"blendEquation":100,"blendEquationAlpha":null,"blendSrc":204,"blendSrcAlpha":null,"blending":1,"bumpMap":null,"bumpScale":1,"clipIntersection":false,"clippingPlanes":null,"color":16777215,"colorWrite":true,"depthFunc":3,"depthTest":true,"depthWrite":true,"displacementBias":0,"displacementMap":null,"displacementScale":1,"dithering":false,"emissive":0,"emissiveIntensity":1,"emissiveMap":null,"envMap":null,"envMapIntensity":1,"flatShading":false,"fog":true,"lightMap":null,"lightMapIntensity":1,"lights":true,"map":null,"metalness":0.5,"metalnessMap":null,"morphNormals":false,"morphTargets":false,"name":"","normalMap":null,"normalScale":{"x":1,"y":1},"opacity":1,"polygonOffset":false,"polygonOffsetFactor":0,"polygonOffsetUnits":0,"precision":null,"premultipliedAlpha":false,"refractionRatio":0.98,"roughness":0.5,"roughnessMap":null,"shadowSide":null,"side":0,"skinning":false,"transparent":false,"type":"MeshStandardMaterial","userData":{},"uuid":"BC1A7639-10E4-44ED-9E69-AD7B18BE9F9A","vertexColors":0,"visible":true,"wireframe":false,"wireframeLinecap":"round","wireframeLinejoin":"round","wireframeLinewidth":1}},{"_id":"5d7b85d5c8b49a0cf8861736","metadata":{"generator":"MeshSerializer","type":"Object","version":"0.0.1"},"castShadow":true,"children":[],"frustumCulled":true,"layers":{"mask":1},"matrix":{"elements":[1,0,0,0,0,1,0,0,0,0,1,0,-5.73939757769905,0.76849230010429714,0,1]},"matrixAutoUpdate":true,"matrixWorld":{"elements":[1,0,0,0,0,1,0,0,0,0,1,0,-5.73939757769905,0.76849230010429714,0,1]},"matrixWorldNeedsUpdate":false,"modelViewMatrix":{"elements":[0.97581048092824507,-0.085101085146996158,0.20137455305323668,0,-1.3877787807814457E-17,0.92112449220319348,0.38926812079003964,0,-0.21861817241617204,-0.37985191215816277,0.89884293373158386,0,-6.9180112848132307,1.0891164264897737,-12.571347813185231,1.0000000000000002]},"name":"球体","normalMatrix":{"elements":[0.97581048092824485,-0.085101085146996144,0.20137455305323662,0,0.92112449220319337,0.38926812079003953,-0.21861817241617196,-0.37985191215816266,0.89884293373158353]},"parent":"F321107D-B892-4A78-93A1-5ACF4C969F91","position":{"x":-5.73939757769905,"y":0.76849230010429714,"z":0},"quaternion":{"x":0,"y":0,"z":0,"w":1},"receiveShadow":true,"renderOrder":0,"rotation":{"x":0,"y":0,"z":0,"order":"XYZ"},"scale":{"x":1,"y":1,"z":1},"type":"Mesh","up":{"x":0,"y":1,"z":0},"userData":{},"uuid":"BAF21BA3-22C3-4930-ABBD-CD65445C9777","visible":true,"isObject3D":true,"drawMode":0,"geometry":{"metadata":{"generator":"SphereBufferGeometrySerializer","type":"Object","version":"0.0.1"},"boundingBox":null,"boundingSphere":{"center":{"x":0,"y":0,"z":0},"radius":1.000000038125435},"drawRange":{"start":0,"count":null},"groups":[],"morphAttributes":{},"name":"","parameters":{"radius":1,"widthSegments":32,"heightSegments":16,"phiStart":0,"phiLength":6.2831853071795862,"thetaStart":0,"thetaLength":3.1415926535897931},"type":"SphereBufferGeometry","userData":{},"uuid":"7FE76829-C3F3-4E1C-9DF5-3B9BF530F6FC"},"material":{"metadata":{"generator":"MeshStandardMaterialSerializer","type":"Object","version":"0.0.1"},"alphaMap":null,"alphaTest":0,"aoMap":null,"aoMapIntensity":1,"blendDst":205,"blendDstAlpha":null,"blendEquation":100,"blendEquationAlpha":null,"blendSrc":204,"blendSrcAlpha":null,"blending":1,"bumpMap":null,"bumpScale":1,"clipIntersection":false,"clippingPlanes":null,"color":16777215,"colorWrite":true,"depthFunc":3,"depthTest":true,"depthWrite":true,"displacementBias":0,"displacementMap":null,"displacementScale":1,"dithering":false,"emissive":0,"emissiveIntensity":1,"emissiveMap":null,"envMap":null,"envMapIntensity":1,"flatShading":false,"fog":true,"lightMap":null,"lightMapIntensity":1,"lights":true,"map":null,"metalness":0.5,"metalnessMap":null,"morphNormals":false,"morphTargets":false,"name":"","normalMap":null,"normalScale":{"x":1,"y":1},"opacity":1,"polygonOffset":false,"polygonOffsetFactor":0,"polygonOffsetUnits":0,"precision":null,"premultipliedAlpha":false,"refractionRatio":0.98,"roughness":0.5,"roughnessMap":null,"shadowSide":null,"side":0,"skinning":false,"transparent":false,"type":"MeshStandardMaterial","userData":{},"uuid":"ABA2C731-5692-4BE6-9648-B9FC30087202","vertexColors":0,"visible":true,"wireframe":false,"wireframeLinecap":"round","wireframeLinejoin":"round","wireframeLinewidth":1}},{"_id":"5d7b85d5c8b49a0cf8861737","metadata":{"generator":"MeshSerializer","type":"Object","version":"0.0.1"},"castShadow":true,"children":[],"frustumCulled":true,"layers":{"mask":1},"matrix":{"elements":[1,0,0,0,0,1,0,0,0,0,1,0,4.6093404886128813,0.66615452296042932,0,1]},"matrixAutoUpdate":true,"matrixWorld":{"elements":[1,0,0,0,0,1,0,0,0,0,1,0,4.6093404886128813,0.66615452296042932,0,1]},"matrixWorldNeedsUpdate":false,"modelViewMatrix":{"elements":[0.97581048092824507,-0.085101085146996158,0.20137455305323668,0,-1.3877787807814457E-17,0.92112449220319348,0.38926812079003964,0,-0.21861817241617204,-0.37985191215816277,0.89884293373158386,0,3.1803957846750519,0.11416175413975282,-10.527212144611271,1.0000000000000002]},"name":"二十面体","normalMatrix":{"elements":[0.97581048092824485,-0.085101085146996144,0.20137455305323662,0,0.92112449220319337,0.38926812079003953,-0.21861817241617196,-0.37985191215816266,0.89884293373158353]},"parent":"F321107D-B892-4A78-93A1-5ACF4C969F91","position":{"x":4.6093404886128813,"y":0.66615452296042932,"z":0},"quaternion":{"x":0,"y":0,"z":0,"w":1},"receiveShadow":true,"renderOrder":0,"rotation":{"x":0,"y":0,"z":0,"order":"XYZ"},"scale":{"x":1,"y":1,"z":1},"type":"Mesh","up":{"x":0,"y":1,"z":0},"userData":{},"uuid":"83379181-3D77-4753-8049-E112F4A179BB","visible":true,"isObject3D":true,"drawMode":0,"geometry":{"metadata":{"generator":"IcosahedronBufferGeometrySerializer","type":"Object","version":"0.0.1"},"boundingBox":null,"boundingSphere":{"center":{"x":0,"y":0,"z":0},"radius":1.000000019576136},"drawRange":{"start":0,"count":null},"groups":[],"morphAttributes":{},"name":"","parameters":{"radius":1,"detail":2},"type":"IcosahedronBufferGeometry","userData":{},"uuid":"F3E8946B-A8C4-4E48-9B7C-600E571C766A"},"material":{"metadata":{"generator":"MeshStandardMaterialSerializer","type":"Object","version":"0.0.1"},"alphaMap":null,"alphaTest":0,"aoMap":null,"aoMapIntensity":1,"blendDst":205,"blendDstAlpha":null,"blendEquation":100,"blendEquationAlpha":null,"blendSrc":204,"blendSrcAlpha":null,"blending":1,"bumpMap":null,"bumpScale":1,"clipIntersection":false,"clippingPlanes":null,"color":16777215,"colorWrite":true,"depthFunc":3,"depthTest":true,"depthWrite":true,"displacementBias":0,"displacementMap":null,"displacementScale":1,"dithering":false,"emissive":0,"emissiveIntensity":1,"emissiveMap":null,"envMap":null,"envMapIntensity":1,"flatShading":false,"fog":true,"lightMap":null,"lightMapIntensity":1,"lights":true,"map":null,"metalness":0.5,"metalnessMap":null,"morphNormals":false,"morphTargets":false,"name":"","normalMap":null,"normalScale":{"x":1,"y":1},"opacity":1,"polygonOffset":false,"polygonOffsetFactor":0,"polygonOffsetUnits":0,"precision":null,"premultipliedAlpha":false,"refractionRatio":0.98,"roughness":0.5,"roughnessMap":null,"shadowSide":null,"side":0,"skinning":false,"transparent":false,"type":"MeshStandardMaterial","userData":{},"uuid":"44538FC6-FBE1-4651-B005-F90F2580504C","vertexColors":0,"visible":true,"wireframe":false,"wireframeLinecap":"round","wireframeLinejoin":"round","wireframeLinewidth":1}},{"_id":"5d7b85d5c8b49a0cf8861738","metadata":{"generator":"MeshSerializer","type":"Object","version":"0.0.1"},"castShadow":true,"children":[],"frustumCulled":true,"layers":{"mask":1},"matrix":{"elements":[1,0,0,0,0,1,0,0,0,0,1,0,-3.8775048302018469,0.62544443077551448,1.9607881425308991,1]},"matrixAutoUpdate":true,"matrixWorld":{"elements":[1,0,0,0,0,1,0,0,0,0,1,0,-3.8775048302018469,0.62544443077551448,1.9607881425308991,1]},"matrixWorldNeedsUpdate":false,"modelViewMatrix":{"elements":[0.97581048092824507,-0.085101085146996158,0.20137455305323668,0,-1.3877787807814457E-17,0.92112449220319348,0.38926812079003964,0,-0.21861817241617204,-0.37985191215816277,0.89884293373158386,0,-5.5298207476565793,0.054093311976801672,-10.489653402142975,1.0000000000000002]},"name":"二十面体","normalMatrix":{"elements":[0.97581048092824485,-0.085101085146996144,0.20137455305323662,0,0.92112449220319337,0.38926812079003953,-0.21861817241617196,-0.37985191215816266,0.89884293373158353]},"parent":"F321107D-B892-4A78-93A1-5ACF4C969F91","position":{"x":-3.8775048302018469,"y":0.62544443077551448,"z":1.9607881425308991},"quaternion":{"x":0,"y":0,"z":0,"w":1},"receiveShadow":true,"renderOrder":0,"rotation":{"x":0,"y":0,"z":0,"order":"XYZ"},"scale":{"x":1,"y":1,"z":1},"type":"Mesh","up":{"x":0,"y":1,"z":0},"userData":{},"uuid":"B6557000-8567-4CB6-A6D7-13657992F1EE","visible":true,"isObject3D":true,"drawMode":0,"geometry":{"metadata":{"generator":"IcosahedronBufferGeometrySerializer","type":"Object","version":"0.0.1"},"boundingBox":null,"boundingSphere":{"center":{"x":0,"y":0,"z":0},"radius":1.000000019576136},"drawRange":{"start":0,"count":null},"groups":[],"morphAttributes":{},"name":"","parameters":{"radius":1,"detail":2},"type":"IcosahedronBufferGeometry","userData":{},"uuid":"A332D6FB-C38A-4C21-A8BD-2F4E33B27A75"},"material":{"metadata":{"generator":"MeshStandardMaterialSerializer","type":"Object","version":"0.0.1"},"alphaMap":null,"alphaTest":0,"aoMap":null,"aoMapIntensity":1,"blendDst":205,"blendDstAlpha":null,"blendEquation":100,"blendEquationAlpha":null,"blendSrc":204,"blendSrcAlpha":null,"blending":1,"bumpMap":null,"bumpScale":1,"clipIntersection":false,"clippingPlanes":null,"color":16777215,"colorWrite":true,"depthFunc":3,"depthTest":true,"depthWrite":true,"displacementBias":0,"displacementMap":null,"displacementScale":1,"dithering":false,"emissive":0,"emissiveIntensity":1,"emissiveMap":null,"envMap":null,"envMapIntensity":1,"flatShading":false,"fog":true,"lightMap":null,"lightMapIntensity":1,"lights":true,"map":null,"metalness":0.5,"metalnessMap":null,"morphNormals":false,"morphTargets":false,"name":"","normalMap":null,"normalScale":{"x":1,"y":1},"opacity":1,"polygonOffset":false,"polygonOffsetFactor":0,"polygonOffsetUnits":0,"precision":null,"premultipliedAlpha":false,"refractionRatio":0.98,"roughness":0.5,"roughnessMap":null,"shadowSide":null,"side":0,"skinning":false,"transparent":false,"type":"MeshStandardMaterial","userData":{},"uuid":"38B46627-83EF-4990-B394-A3AE96F4C075","vertexColors":0,"visible":true,"wireframe":false,"wireframeLinecap":"round","wireframeLinejoin":"round","wireframeLinewidth":1}},{"_id":"5d7b85d5c8b49a0cf8861739","metadata":{"generator":"MeshSerializer","type":"Object","version":"0.0.1"},"castShadow":true,"children":[],"frustumCulled":true,"layers":{"mask":1},"matrix":{"elements":[1,0,0,0,0,1,0,0,0,0,1,0,6.1135423173087959,0.60287444768503429,1.8310029787349835,1]},"matrixAutoUpdate":true,"matrixWorld":{"elements":[1,0,0,0,0,1,0,0,0,0,1,0,6.1135423173087959,0.60287444768503429,1.8310029787349835,1]},"matrixWorldNeedsUpdate":false,"modelViewMatrix":{"elements":[0.97581048092824507,-0.085101085146996158,0.20137455305323668,0,-1.3877787807814457E-17,0.92112449220319348,0.38926812079003964,0,-0.21861817241617204,-0.37985191215816277,0.89884293373158386,0,4.2479211696483485,-0.767646263606769,-8.6031530005642551,1.0000000000000002]},"name":"二十面体","normalMatrix":{"elements":[0.97581048092824485,-0.085101085146996144,0.20137455305323662,0,0.92112449220319337,0.38926812079003953,-0.21861817241617196,-0.37985191215816266,0.89884293373158353]},"parent":"F321107D-B892-4A78-93A1-5ACF4C969F91","position":{"x":6.1135423173087959,"y":0.60287444768503429,"z":1.8310029787349835},"quaternion":{"x":0,"y":0,"z":0,"w":1},"receiveShadow":true,"renderOrder":0,"rotation":{"x":0,"y":0,"z":0,"order":"XYZ"},"scale":{"x":1,"y":1,"z":1},"type":"Mesh","up":{"x":0,"y":1,"z":0},"userData":{},"uuid":"397780A7-B709-46C6-8771-56C533DDCF99","visible":true,"isObject3D":true,"drawMode":0,"geometry":{"metadata":{"generator":"IcosahedronBufferGeometrySerializer","type":"Object","version":"0.0.1"},"boundingBox":null,"boundingSphere":{"center":{"x":0,"y":0,"z":0},"radius":1.000000019576136},"drawRange":{"start":0,"count":null},"groups":[],"morphAttributes":{},"name":"","parameters":{"radius":1,"detail":2},"type":"IcosahedronBufferGeometry","userData":{},"uuid":"FD42F2F4-87B2-4B5E-8BFB-FF4CF5871DE8"},"material":{"metadata":{"generator":"MeshStandardMaterialSerializer","type":"Object","version":"0.0.1"},"alphaMap":null,"alphaTest":0,"aoMap":null,"aoMapIntensity":1,"blendDst":205,"blendDstAlpha":null,"blendEquation":100,"blendEquationAlpha":null,"blendSrc":204,"blendSrcAlpha":null,"blending":1,"bumpMap":null,"bumpScale":1,"clipIntersection":false,"clippingPlanes":null,"color":16777215,"colorWrite":true,"depthFunc":3,"depthTest":true,"depthWrite":true,"displacementBias":0,"displacementMap":null,"displacementScale":1,"dithering":false,"emissive":0,"emissiveIntensity":1,"emissiveMap":null,"envMap":null,"envMapIntensity":1,"flatShading":false,"fog":true,"lightMap":null,"lightMapIntensity":1,"lights":true,"map":null,"metalness":0.5,"metalnessMap":null,"morphNormals":false,"morphTargets":false,"name":"","normalMap":null,"normalScale":{"x":1,"y":1},"opacity":1,"polygonOffset":false,"polygonOffsetFactor":0,"polygonOffsetUnits":0,"precision":null,"premultipliedAlpha":false,"refractionRatio":0.98,"roughness":0.5,"roughnessMap":null,"shadowSide":null,"side":0,"skinning":false,"transparent":false,"type":"MeshStandardMaterial","userData":{},"uuid":"359BFB3F-0C39-4251-92EB-8A87D6AC46BD","vertexColors":0,"visible":true,"wireframe":false,"wireframeLinecap":"round","wireframeLinejoin":"round","wireframeLinewidth":1}},{"_id":"5d7b85d5c8b49a0cf886173a","metadata":{"generator":"MeshSerializer","type":"Object","version":"0.0.1"},"castShadow":true,"children":[],"frustumCulled":true,"layers":{"mask":1},"matrix":{"elements":[0.2,0,0,0,0,0.2,0,0,0,0,0.2,0,3.3236001501017829,0.6914033856471431,1.8786084373856067,1]},"matrixAutoUpdate":true,"matrixWorld":{"elements":[0.2,0,0,0,0,0.2,0,0,0,0,0.2,0,3.3236001501017829,0.6914033856471431,1.8786084373856067,1]},"matrixWorldNeedsUpdate":false,"modelViewMatrix":{"elements":[0.19516209618564903,-0.017020217029399234,0.040274910610647335,0,-2.7755575615628915E-18,0.18422489844063872,0.077853624158007936,0,-0.043723634483234408,-0.075970382431632566,0.17976858674631679,0,1.51505894333685,-0.46675600915206011,-9.0877250340987334,1.0000000000000002]},"name":"轮胎","normalMatrix":{"elements":[4.8790524046412242,-0.42550542573498068,1.0068727652661831,0,4.6056224610159662,1.9463406039501978,-1.09309086208086,-1.8992595607908134,4.4942146686579179]},"parent":"F321107D-B892-4A78-93A1-5ACF4C969F91","position":{"x":3.3236001501017829,"y":0.6914033856471431,"z":1.8786084373856067},"quaternion":{"x":0,"y":0,"z":0,"w":1},"receiveShadow":true,"renderOrder":0,"rotation":{"x":0,"y":0,"z":0,"order":"XYZ"},"scale":{"x":"0.20","y":"0.20","z":"0.20"},"type":"Mesh","up":{"x":0,"y":1,"z":0},"userData":{},"uuid"