{"Code":200,"Msg":"Get Successfully!","Data":[{"_id":"5d7b1300c8b49a1a38e73888","metadata":{"generator":"OptionsSerializer","type":"Object","version":"0.0.1"},"server":"http://localhost:2000","sceneType":"Empty","shadowMapType":2,"gammaInput":false,"gammaOutput":false,"gammaFactor":2,"hueRotate":0,"saturate":1,"brightness":1,"blur":0,"contrast":1,"grayscale":0,"invert":0,"sepia":0},{"_id":"5d7b1300c8b49a1a38e73889","metadata":{"generator":"PerspectiveCameraSerializer","type":"Object","version":"0.0.1"},"castShadow":false,"children":["5878941D-CD55-4801-B892-60406F803E79"],"frustumCulled":true,"layers":{"mask":1},"matrix":{"elements":[-0.99295092260439066,0,0.11852622198943585,0,0.024689058203835622,0.97806489955576636,0.20683206391170628,0,-0.11592633740482206,0.20830038947867702,-0.97117044438086908,0,-234.31904111109264,298.22016081657171,-549.236921830861,1]},"matrixAutoUpdate":true,"matrixWorld":{"elements":[-0.99295092260439066,0,0.11852622198943585,0,0.024689058203835622,0.97806489955576636,0.20683206391170628,0,-0.11592633740482206,0.20830038947867702,-0.97117044438086908,0,-234.31904111109264,298.22016081657171,-549.236921830861,1]},"matrixWorldNeedsUpdate":false,"modelViewMatrix":{"elements":[1,0,0,0,0,1,0,0,0,0,1,0,0,0,0,1]},"name":"DefaultCamera","normalMatrix":{"elements":[1,0,0,0,1,0,0,0,1]},"parent":null,"position":{"x":-234.31904111109264,"y":298.22016081657171,"z":-549.236921830861},"quaternion":{"x":0.0062173591803888761,"y":0.992746980169296,"z":0.10454135386027304,"w":-0.059041368061949692},"receiveShadow":false,"renderOrder":0,"rotation":{"x":-2.9303098776356817,"y":-0.11618757438894928,"z":-3.1167334469062795,"order":"XYZ"},"scale":{"x":1,"y":1,"z":1},"type":"PerspectiveCamera","up":{"x":0,"y":1,"z":0},"userData":{"isDefault":true,"control":"OrbitControls"},"uuid":"2019925C-1EED-457E-983F-69AEEE7266A7","visible":true,"isObject3D":true,"matrixWorldInverse":{"elements":[-0.99295092260439122,0.024689058203835632,-0.1159263374048221,0,3.4694469519536157E-18,0.97806489955576659,0.20830038947867704,0,0.11852622198943591,0.20683206391170633,-0.9711704443808693,0,-167.56833073331666,-172.29374907151654,-622.68578931356251,1]},"projectionMatrix":{"elements":[1.1615432125569514,0,0,0,0,2.1445069205095586,0,0,0,0,-1.0000200002000021,-1,0,0,-0.20000200002000021,0]},"aspect":1.8462566844919786,"far":10000,"filmGauge":35,"filmOffset":0,"focus":10,"fov":50,"near":0.1,"view":null,"zoom":1},{"_id":"5d7b1300c8b49a1a38e7388a","metadata":{"generator":"WebGLRendererSerializer","type":"Object","version":"0.0.1"},"antialias":true,"autoClear":false,"autoClearColor":true,"autoClearDepth":true,"autoClearStencil":true,"autoUpdateScene":false,"clippingPlanes":[],"gammaFactor":2,"gammaInput":false,"gammaOutput":false,"localClippingEnabled":false,"physicallyCorrectLights":false,"shadowMap":{"metadata":{"generator":"WebGLShadowMapSerializer","type":"Object","version":"0.0.1"},"autoUpdate":true,"enabled":true,"needsUpdate":false,"type":2},"sortObjects":true,"toneMapping":1,"toneMappingExposure":1,"toneMappingWhitePoint":1},{"_id":"5d7b1300c8b49a1a38e7388b","metadata":{"generator":"AnimationSerializer","type":"Object","version":"0.0.1"},"id":null,"uuid":"86490C8E-9C5E-42FE-B793-8DCB7838AC09","layer":0,"layerName":"AnimLayer1","animations":[]},{"_id":"5d7b1300c8b49a1a38e7388c","metadata":{"generator":"AnimationSerializer","type":"Object","version":"0.0.1"},"id":null,"uuid":"5259B46B-53E8-4348-91C7-568BEF285BBB","layer":1,"layerName":"AnimLayer2","animations":[]},{"_id":"5d7b1300c8b49a1a38e7388d","metadata":{"generator":"AnimationSerializer","type":"Object","version":"0.0.1"},"id":null,"uuid":"08F1CEB4-52A7-47A6-9193-A5FB1944AF50","layer":2,"layerName":"AnimLayer3","animations":[]},{"_id":"5d7b1300c8b49a1a38e7388e","metadata":{"generator":"AudioListenerSerializer","type":"Object","version":"0.0.1"},"castShadow":false,"children":[],"frustumCulled":true,"layers":{"mask":1},"matrix":{"elements":[1,0,0,0,0,1,0,0,0,0,1,0,0,0,0,1]},"matrixAutoUpdate":true,"matrixWorld":{"elements":[-0.99295092260439066,0,0.11852622198943585,0,0.024689058203835622,0.97806489955576636,0.20683206391170628,0,-0.11592633740482206,0.20830038947867702,-0.97117044438086908,0,-234.31904111109264,298.22016081657171,-549.236921830861,1]},"matrixWorldNeedsUpdate":false,"modelViewMatrix":{"elements":[1,0,0,0,0,1,0,0,0,0,1,0,0,0,0,1]},"name":"AudioListener","normalMatrix":{"elements":[1,0,0,0,1,0,0,0,1]},"parent":"2019925C-1EED-457E-983F-69AEEE7266A7","position":{"x":0,"y":0,"z":0},"quaternion":{"x":0,"y":0,"z":0,"w":1},"receiveShadow":false,"renderOrder":0,"rotation":{"x":0,"y":0,"z":0,"order":"XYZ"},"scale":{"x":1,"y":1,"z":1},"type":"AudioListener","up":{"x":0,"y":1,"z":0},"userData":{},"uuid":"5878941D-CD55-4801-B892-60406F803E79","visible":true,"isObject3D":true,"masterVolume":1},{"_id":"5d7b1300c8b49a1a38e7388f","metadata":{"generator":"VisualSerializer","type":"Object","version":"0.0.1"},"data":[]},{"_id":"5d7b1300c8b49a1a38e73890","metadata":{"generator":"SceneSerializer","type":"Object","version":"0.0.1"},"castShadow":false,"children":["01AEFFAB-2336-44E9-B120-1F3AEF3C46AB","ED6873E6-1C8F-45C3-B90B-13B9EA0B288F","54F8CB4C-4679-435A-A20A-C32709C84B78"],"frustumCulled":true,"layers":{"mask":1},"matrix":{"elements":[1,0,0,0,0,1,0,0,0,0,1,0,0,0,0,1]},"matrixAutoUpdate":true,"matrixWorld":{"elements":[1,0,0,0,0,1,0,0,0,0,1,0,0,0,0,1]},"matrixWorldNeedsUpdate":false,"modelViewMatrix":{"elements":[1,0,0,0,0,1,0,0,0,0,1,0,0,0,0,1]},"name":"Scene","normalMatrix":{"elements":[1,0,0,0,1,0,0,0,1]},"parent":null,"position":{"x":0,"y":0,"z":0},"quaternion":{"x":0,"y":0,"z":0,"w":1},"receiveShadow":false,"renderOrder":0,"rotation":{"x":0,"y":0,"z":0,"order":"XYZ"},"scale":{"x":1,"y":1,"z":1},"type":"Scene","up":{"x":0,"y":1,"z":0},"userData":{"children":[{"uuid":"01AEFFAB-2336-44E9-B120-1F3AEF3C46AB","children":[]},{"uuid":"ED6873E6-1C8F-45C3-B90B-13B9EA0B288F","children":[]},{"uuid":"54F8CB4C-4679-435A-A20A-C32709C84B78","children":[]}]},"uuid":"336D17BB-82D7-4576-B187-215510D517AB","visible":true,"isObject3D":true,"background":11184810,"fog":null,"overrideMaterial":null},{"_id":"5d7b1300c8b49a1a38e73891","metadata":{"generator":"AmbientLightSerializer","type":"Object","version":"0.0.1"},"children":[],"frustumCulled":true,"layers":{"mask":1},"matrix":{"elements":[1,0,0,0,0,1,0,0,0,0,1,0,0,0,0,1]},"matrixAutoUpdate":true,"matrixWorld":{"elements":[1,0,0,0,0,1,0,0,0,0,1,0,0,0,0,1]},"matrixWorldNeedsUpdate":false,"modelViewMatrix":{"elements":[1,0,0,0,0,1,0,0,0,0,1,0,0,0,0,1]},"name":"Ambient","normalMatrix":{"elements":[1,0,0,0,1,0,0,0,1]},"parent":"336D17BB-82D7-4576-B187-215510D517AB","position":{"x":0,"y":0,"z":0},"quaternion":{"x":0,"y":0,"z":0,"w":1},"renderOrder":0,"rotation":{"x":0,"y":0,"z":0,"order":"XYZ"},"scale":{"x":1,"y":1,"z":1},"type":"AmbientLight","up":{"x":0,"y":1,"z":0},"userData":{},"uuid":"01AEFFAB-2336-44E9-B120-1F3AEF3C46AB","visible":true,"isObject3D":true,"color":16777215,"intensity":0.44,"isLight":true,"shadow":null,"isAmbientLight":true},{"_id":"5d7b1300c8b49a1a38e73892","metadata":{"generator":"DirectionalLightSerializer","type":"Object","version":"0.0.1"},"castShadow":true,"children":[],"frustumCulled":true,"layers":{"mask":1},"matrix":{"elements":[1,0,0,0,0,1,0,0,0,0,1,0,-64.634490907269964,213.76387600202798,-291.04720527402668,1]},"matrixAutoUpdate":true,"matrixWorld":{"elements":[1,0,0,0,0,1,0,0,0,0,1,0,-64.634490907269964,213.76387600202798,-291.04720527402668,1]},"matrixWorldNeedsUpdate":false,"modelViewMatrix":{"elements":[1,0,0,0,0,1,0,0,0,0,1,0,0,0,0,1]},"name":"Directional","normalMatrix":{"elements":[1,0,0,0,1,0,0,0,1]},"parent":"336D17BB-82D7-4576-B187-215510D517AB","position":{"x":-64.634490907269964,"y":213.76387600202798,"z":-291.04720527402668},"quaternion":{"x":0,"y":0,"z":0,"w":1},"renderOrder":0,"rotation":{"x":0,"y":0,"z":0,"order":"XYZ"},"scale":{"x":1,"y":1,"z":1},"type":"DirectionalLight","up":{"x":0,"y":1,"z":0},"userData":{},"uuid":"ED6873E6-1C8F-45C3-B90B-13B9EA0B288F","visible":true,"isObject3D":true,"color":16777215,"intensity":0.56,"isLight":true,"shadow":{"metadata":{"generator":"DirectionalLightShadowSerializer","type":"Object","version":"0.0.1"},"bias":0,"camera":{"metadata":{"generator":"OrthographicCameraSerializer","type":"Object","version":"0.0.1"},"castShadow":false,"children":[],"frustumCulled":true,"layers":{"mask":1},"matrix":{"elements":[-0.97621735583147484,0,0.21679408242247589,0,0.12632512074042709,0.81268995475585937,0.56883829100090977,0,-0.17618637303525997,0.58269635097443273,-0.793362038742566,0,-64.634490907269964,213.76387600202798,-291.04720527402668,1]},"matrixAutoUpdate":true,"matrixWorld":{"elements":[-0.97621735583147484,0,0.21679408242247589,0,0.12632512074042709,0.81268995475585937,0.56883829100090977,0,-0.17618637303525997,0.58269635097443273,-0.793362038742566,0,-64.634490907269964,213.76387600202798,-291.04720527402668,1]},"matrixWorldNeedsUpdate":false,"modelViewMatrix":{"elements":[1,0,0,0,0,1,0,0,0,0,1,0,0,0,0,1]},"name":"","normalMatrix":{"elements":[1,0,0,0,1,0,0,0,1]},"parent":null,"position":{"x":-64.634490907269964,"y":213.76387600202798,"z":-291.04720527402668},"quaternion":{"x":0.033371874966922781,"y":0.94634419601563313,"z":0.30420608242318625,"w":-0.10381541333277328},"receiveShadow":false,"renderOrder":0,"rotation":{"x":-2.5081085499080302,"y":-0.17711086509231558,"z":-3.0129051089155623,"order":"XYZ"},"scale":{"x":1,"y":1,"z":1},"type":"OrthographicCamera","up":{"x":0,"y":1,"z":0},"userData":{},"uuid":"D8F8AA6E-A18D-4A12-88CC-3438A70A947E","visible":true,"isObject3D":true,"matrixWorldInverse":{"elements":[-0.97621735583147529,0.12632512074042715,-0.17618637303526005,0,-1.3877787807814463E-17,0.81268995475585948,0.58269635097443273,0,0.21679408242247597,0.56883829100091,-0.79336203874256628,0,0,2.842170943040402E-14,-366.85295118899325,1.0000000000000002]},"projectionMatrix":{"elements":[0.05,0,0,0,0,0.05,0,0,0,0,-0.0040008001600320064,0,0,0,-1.0004000800160033,1]},"bottom":-20,"far":500,"left":-20,"near":0.1,"right":20,"top":20,"view":null,"zoom":1},"map":{"metadata":{"generator":"WebGLRenderTargetSerializer","type":"Object","version":"0.0.1"},"depthBuffer":true,"depthTexture":null,"height":2048,"scissor":{"x":0,"y":0,"z":2048,"w":2048},"scissorTest":false,"stencilBuffer":true,"texture":{"metadata":{"generator":"TextureSerializer","type":"Object","version":"0.0.1"},"anisotropy":1,"center":{"x":0,"y":0},"encoding":3000,"flipY":true,"format":1023,"generateMipmaps":false,"image":null,"magFilter":1003,"mapping":300,"matrix":{"elements":[1,0,0,0,1,0,0,0,1]},"matrixAutoUpdate":true,"minFilter":1003,"mipmaps":[],"name":"Directional.shadowMap","offset":{"x":0,"y":0},"premultiplyAlpha":false,"repeat":{"x":1,"y":1},"rotation":0,"type":1009,"unpackAlignment":4,"uuid":"A6C1E270-0EC0-4E42-B1BD-F6CBE6E04BFA","version":0,"wrapS":1001,"wrapT":1001,"isTexture":true},"viewport":{"x":0,"y":0,"z":2048,"w":2048},"width":2048,"isWebGLRenderTarget":true},"mapSize":{"x":2048,"y":2048},"matrix":{"elements":[-0.024405433895786883,0.0031581280185106787,0.00035244323471746359,0,-3.4694469519536158E-19,0.020317248868896489,-0.0011656258271142883,0,0.0054198520605618994,0.01422095727502275,0.0015870414857822889,0,0.50000000000000011,0.50000000000000078,0.73365263290456739,1.0000000000000002]},"radius":0},"isDirectionalLight":true},{"_id":"5d7b1300c8b49a1a38e73893","metadata":{"generator":"ServerObject","type":"Object","version":"0.0.1"},"castShadow":false,"children":[],"frustumCulled":true,"layers":{"mask":1},"matrix":{"elements":[0.4,0,0,0,0,0.4,0,0,0,0,0.4,0,0,0,624,1]},"matrixAutoUpdate":true,"matrixWorld":{"elements":[0.4,0,0,0,0,0.4,0,0,0,0,0.4,0,0,0,624,1]},"matrixWorldNeedsUpdate":false,"modelViewMatrix":{"elements":[-0.39718036904175652,0.0098756232815342543,-0.04637053496192884,0,1.3877787807814463E-18,0.39122595982230668,0.083320155791470826,0,0.047410488795774364,0.082732825564682533,-0.38846817775234777,0,-93.607968211908656,-43.2305411906118,-1228.6961466072248,1]},"name":"Lucy100k","normalMatrix":{"elements":[-2.4823773065109762,0.061722645509589044,-0.28981584351205508,2.032879073410319E-17,2.4451622488894156,0.52075097369669243,0.29631555497358958,0.51708015977926558,-2.4279261109521721]},"parent":"336D17BB-82D7-4576-B187-215510D517AB","position":{"x":0,"y":0,"z":624},"quaternion":{"x":0,"y":0,"z":0,"w":1},"receiveShadow":false,"renderOrder":0,"rotation":{"x":0,"y":0,"z":0,"order":"XYZ"},"scale":{"x":0.4,"y":0.4,"z":0.4},"type":"Mesh","up":{"x":0,"y":1,"z":0},"userData":{"_children":[],"physics":{"enabled":false,"type":"rigidBody","shape":"btBoxShape","mass":1,"inertia":{"x":0,"y":0,"z":0}},"ID":"5d7b11b6c8b49a1a38e73885","Name":"Lucy100k","CategoryID":"","CategoryName":"","TotalPinYin":"lucyk","FirstPinYin":"lucyk","Type":"ply","Url":"/Upload/Model/20190913114910/Lucy100k.ply","FileName":null,"FileSize":0,"FileType":null,"SaveName":null,"SavePath":null,"AddTime":"0001-01-01 00:00:00","Thumbnail":"","id":"5d7b11b6c8b49a1a38e73885","src":null,"title":"Lucy100k","icon":"model","cornerText":"ply","Server":true,"children":[]},"uuid":"54F8CB4C-4679-435A-A20A-C32709C84B78","visible":true,"isObject3D":true}]}