{"Code":200,"Msg":"Get Successfully!","Data":[{"_id":"5d7b18a4c8b49a1a38e738e1","metadata":{"generator":"OptionsSerializer","type":"Object","version":"0.0.1"},"server":"http://localhost:2000","sceneType":"Empty","shadowMapType":2,"gammaInput":false,"gammaOutput":false,"gammaFactor":2,"hueRotate":0,"saturate":1,"brightness":1,"blur":0,"contrast":1,"grayscale":0,"invert":0,"sepia":0},{"_id":"5d7b18a4c8b49a1a38e738e2","metadata":{"generator":"PerspectiveCameraSerializer","type":"Object","version":"0.0.1"},"castShadow":false,"children":["7B73B395-DA11-48D4-BD9F-22BF83FE5829"],"frustumCulled":true,"layers":{"mask":1},"matrix":{"elements":[0.99752307249937278,-1.3010426069826053E-18,-0.0703400300782646,0,-0.0073607306961305709,0.99450964258077956,-0.10438577708418526,0,0.069953838172256214,0.10464497510081491,0.99204631429743217,0,2.0467514592407028,0.91738150393692508,8.6355331081120283,1]},"matrixAutoUpdate":true,"matrixWorld":{"elements":[0.99752307249937278,-1.3010426069826053E-18,-0.0703400300782646,0,-0.0073607306961305709,0.99450964258077956,-0.10438577708418526,0,0.069953838172256214,0.10464497510081491,0.99204631429743217,0,2.0467514592407028,0.91738150393692508,8.6355331081120283,1]},"matrixWorldNeedsUpdate":false,"modelViewMatrix":{"elements":[1,0,0,0,0,1,0,0,0,0,1,0,0,0,0,1]},"name":"DefaultCamera","normalMatrix":{"elements":[1,0,0,0,1,0,0,0,1]},"parent":null,"position":{"x":2.0467514592407028,"y":0.91738150393692508,"z":8.6355331081120283},"quaternion":{"x":-0.052361998675473191,"y":0.035143476578074179,"z":0.0018438558295010589,"w":0.99800789442989679},"receiveShadow":false,"renderOrder":0,"rotation":{"x":-0.105095317424071,"y":0.070011017821611274,"z":0.007378874039858303,"order":"XYZ"},"scale":{"x":1,"y":1,"z":1},"type":"PerspectiveCamera","up":{"x":0,"y":1,"z":0},"userData":{"isDefault":true,"control":"OrbitControls"},"uuid":"F69F89AC-375F-4166-A424-17D858E56412","visible":true,"isObject3D":true,"matrixWorldInverse":{"elements":[0.99752307249937266,-0.00736073069613057,0.069953838172256214,0,-1.7347234759768071E-18,0.99450964258077956,0.10464497510081491,0,-0.070340030078264615,-0.10438577708418526,0.99204631429743229,0,-1.4342581456979107,0.0041476687293372505,-8.8060262768919682,1]},"projectionMatrix":{"elements":[1.1615432125569514,0,0,0,0,2.1445069205095586,0,0,0,0,-1.0000200002000021,-1,0,0,-0.20000200002000021,0]},"aspect":1.8462566844919786,"far":10000,"filmGauge":35,"filmOffset":0,"focus":10,"fov":50,"near":0.1,"view":null,"zoom":1},{"_id":"5d7b18a4c8b49a1a38e738e3","metadata":{"generator":"WebGLRendererSerializer","type":"Object","version":"0.0.1"},"antialias":true,"autoClear":false,"autoClearColor":true,"autoClearDepth":true,"autoClearStencil":true,"autoUpdateScene":false,"clippingPlanes":[],"gammaFactor":2,"gammaInput":false,"gammaOutput":false,"localClippingEnabled":false,"physicallyCorrectLights":false,"shadowMap":{"metadata":{"generator":"WebGLShadowMapSerializer","type":"Object","version":"0.0.1"},"autoUpdate":true,"enabled":true,"needsUpdate":false,"type":2},"sortObjects":true,"toneMapping":1,"toneMappingExposure":1,"toneMappingWhitePoint":1},{"_id":"5d7b18a4c8b49a1a38e738e4","metadata":{"generator":"AnimationSerializer","type":"Object","version":"0.0.1"},"id":null,"uuid":"4254F2D9-B3D6-4857-910A-DFE7592D6C1C","layer":0,"layerName":"AnimLayer1","animations":[]},{"_id":"5d7b18a4c8b49a1a38e738e5","metadata":{"generator":"AnimationSerializer","type":"Object","version":"0.0.1"},"id":null,"uuid":"BB6CABA5-D224-4CD0-8411-7FF79940E86B","layer":1,"layerName":"AnimLayer2","animations":[]},{"_id":"5d7b18a4c8b49a1a38e738e6","metadata":{"generator":"AnimationSerializer","type":"Object","version":"0.0.1"},"id":null,"uuid":"E421AA6E-ECCE-4F73-AAB4-8248D0E363D3","layer":2,"layerName":"AnimLayer3","animations":[]},{"_id":"5d7b18a4c8b49a1a38e738e7","metadata":{"generator":"AudioListenerSerializer","type":"Object","version":"0.0.1"},"castShadow":false,"children":[],"frustumCulled":true,"layers":{"mask":1},"matrix":{"elements":[1,0,0,0,0,1,0,0,0,0,1,0,0,0,0,1]},"matrixAutoUpdate":true,"matrixWorld":{"elements":[0.99752307249937278,-1.3010426069826053E-18,-0.0703400300782646,0,-0.0073607306961305709,0.99450964258077956,-0.10438577708418526,0,0.069953838172256214,0.10464497510081491,0.99204631429743217,0,2.0467514592407028,0.91738150393692508,8.6355331081120283,1]},"matrixWorldNeedsUpdate":false,"modelViewMatrix":{"elements":[1,0,0,0,0,1,0,0,0,0,1,0,0,0,0,1]},"name":"AudioListener","normalMatrix":{"elements":[1,0,0,0,1,0,0,0,1]},"parent":"F69F89AC-375F-4166-A424-17D858E56412","position":{"x":0,"y":0,"z":0},"quaternion":{"x":0,"y":0,"z":0,"w":1},"receiveShadow":false,"renderOrder":0,"rotation":{"x":0,"y":0,"z":0,"order":"XYZ"},"scale":{"x":1,"y":1,"z":1},"type":"AudioListener","up":{"x":0,"y":1,"z":0},"userData":{},"uuid":"7B73B395-DA11-48D4-BD9F-22BF83FE5829","visible":true,"isObject3D":true,"masterVolume":1},{"_id":"5d7b18a4c8b49a1a38e738e8","metadata":{"generator":"VisualSerializer","type":"Object","version":"0.0.1"},"data":[]},{"_id":"5d7b18a4c8b49a1a38e738e9","metadata":{"generator":"SceneSerializer","type":"Object","version":"0.0.1"},"castShadow":false,"children":["1BD82C96-BCD6-461B-8810-84C9A0E99B02","485660EF-5284-46C4-9AB2-CE46D06227EA","B4CEB2AD-84C1-4A4F-B6A7-F4394E1183D1"],"frustumCulled":true,"layers":{"mask":1},"matrix":{"elements":[1,0,0,0,0,1,0,0,0,0,1,0,0,0,0,1]},"matrixAutoUpdate":true,"matrixWorld":{"elements":[1,0,0,0,0,1,0,0,0,0,1,0,0,0,0,1]},"matrixWorldNeedsUpdate":false,"modelViewMatrix":{"elements":[1,0,0,0,0,1,0,0,0,0,1,0,0,0,0,1]},"name":"Scene","normalMatrix":{"elements":[1,0,0,0,1,0,0,0,1]},"parent":null,"position":{"x":0,"y":0,"z":0},"quaternion":{"x":0,"y":0,"z":0,"w":1},"receiveShadow":false,"renderOrder":0,"rotation":{"x":0,"y":0,"z":0,"order":"XYZ"},"scale":{"x":1,"y":1,"z":1},"type":"Scene","up":{"x":0,"y":1,"z":0},"userData":{"children":[{"uuid":"1BD82C96-BCD6-461B-8810-84C9A0E99B02","children":[]},{"uuid":"485660EF-5284-46C4-9AB2-CE46D06227EA","children":[]},{"uuid":"B4CEB2AD-84C1-4A4F-B6A7-F4394E1183D1","children":[]}]},"uuid":"B285542B-A92C-4BA5-B98C-26F3DA07B3BB","visible":true,"isObject3D":true,"background":11184810,"fog":null,"overrideMaterial":null},{"_id":"5d7b18a4c8b49a1a38e738ea","metadata":{"generator":"AmbientLightSerializer","type":"Object","version":"0.0.1"},"children":[],"frustumCulled":true,"layers":{"mask":1},"matrix":{"elements":[1,0,0,0,0,1,0,0,0,0,1,0,0,0,0,1]},"matrixAutoUpdate":true,"matrixWorld":{"elements":[1,0,0,0,0,1,0,0,0,0,1,0,0,0,0,1]},"matrixWorldNeedsUpdate":false,"modelViewMatrix":{"elements":[1,0,0,0,0,1,0,0,0,0,1,0,0,0,0,1]},"name":"Ambient","normalMatrix":{"elements":[1,0,0,0,1,0,0,0,1]},"parent":"B285542B-A92C-4BA5-B98C-26F3DA07B3BB","position":{"x":0,"y":0,"z":0},"quaternion":{"x":0,"y":0,"z":0,"w":1},"renderOrder":0,"rotation":{"x":0,"y":0,"z":0,"order":"XYZ"},"scale":{"x":1,"y":1,"z":1},"type":"AmbientLight","up":{"x":0,"y":1,"z":0},"userData":{},"uuid":"1BD82C96-BCD6-461B-8810-84C9A0E99B02","visible":true,"isObject3D":true,"color":16777215,"intensity":0.44,"isLight":true,"shadow":null,"isAmbientLight":true},{"_id":"5d7b18a4c8b49a1a38e738eb","metadata":{"generator":"DirectionalLightSerializer","type":"Object","version":"0.0.1"},"castShadow":true,"children":[],"frustumCulled":true,"layers":{"mask":1},"matrix":{"elements":[1,0,0,0,0,1,0,0,0,0,1,0,5,10,7.5,1]},"matrixAutoUpdate":true,"matrixWorld":{"elements":[1,0,0,0,0,1,0,0,0,0,1,0,5,10,7.5,1]},"matrixWorldNeedsUpdate":false,"modelViewMatrix":{"elements":[1,0,0,0,0,1,0,0,0,0,1,0,0,0,0,1]},"name":"Directional","normalMatrix":{"elements":[1,0,0,0,1,0,0,0,1]},"parent":"B285542B-A92C-4BA5-B98C-26F3DA07B3BB","position":{"x":5,"y":10,"z":7.5},"quaternion":{"x":0,"y":0,"z":0,"w":1},"renderOrder":0,"rotation":{"x":0,"y":0,"z":0,"order":"XYZ"},"scale":{"x":1,"y":1,"z":1},"type":"DirectionalLight","up":{"x":0,"y":1,"z":0},"userData":{},"uuid":"485660EF-5284-46C4-9AB2-CE46D06227EA","visible":true,"isObject3D":true,"color":16777215,"intensity":0.66,"isLight":true,"shadow":{"metadata":{"generator":"DirectionalLightShadowSerializer","type":"Object","version":"0.0.1"},"bias":0,"camera":{"metadata":{"generator":"OrthographicCameraSerializer","type":"Object","version":"0.0.1"},"castShadow":false,"children":[],"frustumCulled":true,"layers":{"mask":1},"matrix":{"elements":[0.83205029433784372,2.7755575615628914E-17,-0.554700196225229,0,-0.41202096209968375,0.66953406341198618,-0.61803144314952574,0,0.37139067635410372,0.74278135270820744,0.55708601453115558,0,5,10,7.5,1]},"matrixAutoUpdate":true,"matrixWorld":{"elements":[0.83205029433784372,2.7755575615628914E-17,-0.554700196225229,0,-0.41202096209968375,0.66953406341198618,-0.61803144314952574,0,0.37139067635410372,0.74278135270820744,0.55708601453115558,0,5,10,7.5,1]},"matrixWorldNeedsUpdate":false,"modelViewMatrix":{"elements":[1,0,0,0,0,1,0,0,0,0,1,0,0,0,0,1]},"name":"","normalMatrix":{"elements":[1,0,0,0,1,0,0,0,1]},"parent":null,"position":{"x":5,"y":10,"z":7.5},"quaternion":{"x":-0.38904698186552672,"y":0.26476298577359092,"z":0.1177939480420426,"w":0.87445273918619892},"receiveShadow":false,"renderOrder":0,"rotation":{"x":-0.92729521800161219,"y":0.3805063771123649,"z":0.45979025757734426,"order":"XYZ"},"scale":{"x":1,"y":1,"z":1},"type":"OrthographicCamera","up":{"x":0,"y":1,"z":0},"userData":{},"uuid":"32B4AB9C-11CA-413E-A863-5B36D8BF37E4","visible":true,"isObject3D":true,"matrixWorldInverse":{"elements":[0.83205029433784372,-0.41202096209968375,0.37139067635410367,0,-5.5511151231257827E-17,0.66953406341198618,0.74278135270820744,0,-0.55470019622522915,-0.61803144314952574,0.55708601453115558,0,0,0,-13.46291201783626,1]},"projectionMatrix":{"elements":[0.05,0,0,0,0,0.05,0,0,0,0,-0.0040008001600320064,0,0,0,-1.0004000800160033,1]},"bottom":-20,"far":500,"left":-20,"near":0.1,"right":20,"top":20,"view":null,"zoom":1},"map":{"metadata":{"generator":"WebGLRenderTargetSerializer","type":"Object","version":"0.0.1"},"depthBuffer":true,"depthTexture":null,"height":2048,"scissor":{"x":0,"y":0,"z":2048,"w":2048},"scissorTest":false,"stencilBuffer":true,"texture":{"metadata":{"generator":"TextureSerializer","type":"Object","version":"0.0.1"},"anisotropy":1,"center":{"x":0,"y":0},"encoding":3000,"flipY":true,"format":1023,"generateMipmaps":false,"image":null,"magFilter":1003,"mapping":300,"matrix":{"elements":[1,0,0,0,1,0,0,0,1]},"matrixAutoUpdate":true,"minFilter":1003,"mipmaps":[],"name":"Directional.shadowMap","offset":{"x":0,"y":0},"premultiplyAlpha":false,"repeat":{"x":1,"y":1},"rotation":0,"type":1009,"unpackAlignment":4,"uuid":"79B058E6-B388-4C36-AD1A-26873A1CA1AC","version":0,"wrapS":1001,"wrapT":1001,"isTexture":true},"viewport":{"x":0,"y":0,"z":2048,"w":2048},"width":2048,"isWebGLRenderTarget":true},"mapSize":{"x":2048,"y":2048},"matrix":{"elements":[0.020801257358446096,-0.010300524052492094,-0.00074292993869594652,0,-1.3877787807814458E-18,0.016738351585299655,-0.0014858598773918933,0,-0.013867504905630729,-0.015450786078738144,-0.00111439490804392,0,0.5,0.5,0.0267311702697264,1]},"radius":0},"isDirectionalLight":true},{"_id":"5d7b18a4c8b49a1a38e738ec","metadata":{"generator":"ServerObject","type":"Object","version":"0.0.1"},"castShadow":false,"children":[],"frustumCulled":true,"layers":{"mask":1},"matrix":{"elements":[1,0,0,0,0,1,0,0,0,0,1,0,0,0,0,1]},"matrixAutoUpdate":true,"matrixWorld":{"elements":[1,0,0,0,0,1,0,0,0,0,1,0,0,0,0,1]},"matrixWorldNeedsUpdate":false,"modelViewMatrix":{"elements":[0.99752307249937266,-0.00736073069613057,0.069953838172256214,0,-1.7347234759768071E-18,0.99450964258077956,0.10464497510081491,0,-0.070340030078264615,-0.10438577708418526,0.99204631429743229,0,-1.4342581456979107,0.0041476687293372505,-8.8060262768919682,1]},"name":"colored","normalMatrix":{"elements":[0.99752307249937278,-0.0073607306961305709,0.069953838172256227,-1.7347234759768071E-18,0.99450964258077956,0.10464497510081491,-0.070340030078264615,-0.10438577708418524,0.99204631429743217]},"parent":"B285542B-A92C-4BA5-B98C-26F3DA07B3BB","position":{"x":0,"y":0,"z":0},"quaternion":{"x":0,"y":0,"z":0,"w":1},"receiveShadow":false,"renderOrder":0,"rotation":{"x":0,"y":0,"z":0,"order":"XYZ"},"scale":{"x":1,"y":1,"z":1},"type":"Mesh","up":{"x":0,"y":1,"z":0},"userData":{"_children":[],"physics":{"enabled":false,"type":"rigidBody","shape":"btBoxShape","mass":1,"inertia":{"x":0,"y":0,"z":0}},"ID":"5d7b187dc8b49a1a38e738de","Name":"colored","CategoryID":"","CategoryName":"","TotalPinYin":"colored","FirstPinYin":"colored","Type":"stl","Url":"/Upload/Model/20190913121805/colored.stl","FileName":null,"FileSize":0,"FileType":null,"SaveName":null,"SavePath":null,"AddTime":"0001-01-01 00:00:00","Thumbnail":"","id":"5d7b187dc8b49a1a38e738de","src":null,"title":"colored","icon":"model","cornerText":"stl","Server":true,"children":[]},"uuid":"B4CEB2AD-84C1-4A4F-B6A7-F4394E1183D1","visible":true,"isObject3D":true}]}