{"Code":200,"Msg":"Get Successfully!","Data":[{"_id":"5d7b0cb9c8b49a1a38e73726","metadata":{"generator":"OptionsSerializer","type":"Object","version":"0.0.1"},"server":"http://localhost:2000","sceneType":"Empty","shadowMapType":2,"gammaInput":false,"gammaOutput":false,"gammaFactor":2,"hueRotate":0,"saturate":1,"brightness":1,"blur":0,"contrast":1,"grayscale":0,"invert":0,"sepia":0},{"_id":"5d7b0cb9c8b49a1a38e73727","metadata":{"generator":"PerspectiveCameraSerializer","type":"Object","version":"0.0.1"},"castShadow":false,"children":["3E89BFD3-D143-4710-8FAC-95EBAB0B442E"],"frustumCulled":true,"layers":{"mask":1},"matrix":{"elements":[0.68920999366279045,8.6736173798840355E-19,-0.72456164998938244,0,0.0037409607841336965,0.99998667127761676,0.0035584377925098778,0,0.72455199250830027,-0.0051630676067226516,0.68920080737412115,0,26.956859503309275,-0.19209123640484005,25.641623411502351,1]},"matrixAutoUpdate":true,"matrixWorld":{"elements":[0.68920999366279045,8.6736173798840355E-19,-0.72456164998938244,0,0.0037409607841336965,0.99998667127761676,0.0035584377925098778,0,0.72455199250830027,-0.0051630676067226516,0.68920080737412115,0,26.956859503309275,-0.19209123640484005,25.641623411502351,1]},"matrixWorldNeedsUpdate":false,"modelViewMatrix":{"elements":[1,0,0,0,0,1,0,0,0,0,1,0,0,0,0,1]},"name":"DefaultCamera","normalMatrix":{"elements":[1,0,0,0,1,0,0,0,1]},"parent":null,"position":{"x":26.956859503309275,"y":-0.19209123640484005,"z":25.641623411502351},"quaternion":{"x":0.0023724992651465134,"y":0.39420041547438317,"z":-0.0010176484798232347,"w":0.91902087466968452},"receiveShadow":false,"renderOrder":0,"rotation":{"x":0.0074912434366356381,"y":0.81038415110795525,"z":-0.0054278435895749591,"order":"XYZ"},"scale":{"x":1,"y":1,"z":1},"type":"PerspectiveCamera","up":{"x":0,"y":1,"z":0},"userData":{"isDefault":true,"control":"OrbitControls"},"uuid":"02FD0B7F-06B0-4565-B151-28A3F79FB03D","visible":true,"isObject3D":true,"matrixWorldInverse":{"elements":[0.68920999366279045,0.003740960784133697,0.72455199250830027,0,4.3368086899420187E-19,0.99998667127761709,-0.0051630676067226525,0,-0.72456164998938255,0.0035584377925098787,0.68920080737412126,0,6.8773112205100533E-15,1.387778780781446E-17,-37.204865602519853,1.0000000000000002]},"projectionMatrix":{"elements":[1.1615432125569514,0,0,0,0,2.1445069205095586,0,0,0,0,-1.0000200002000021,-1,0,0,-0.20000200002000021,0]},"aspect":1.8462566844919786,"far":10000,"filmGauge":35,"filmOffset":0,"focus":10,"fov":50,"near":0.1,"view":null,"zoom":1},{"_id":"5d7b0cb9c8b49a1a38e73728","metadata":{"generator":"WebGLRendererSerializer","type":"Object","version":"0.0.1"},"antialias":true,"autoClear":false,"autoClearColor":true,"autoClearDepth":true,"autoClearStencil":true,"autoUpdateScene":false,"clippingPlanes":[],"gammaFactor":2,"gammaInput":false,"gammaOutput":false,"localClippingEnabled":false,"physicallyCorrectLights":false,"shadowMap":{"metadata":{"generator":"WebGLShadowMapSerializer","type":"Object","version":"0.0.1"},"autoUpdate":true,"enabled":true,"needsUpdate":false,"type":2},"sortObjects":true,"toneMapping":1,"toneMappingExposure":1,"toneMappingWhitePoint":1},{"_id":"5d7b0cb9c8b49a1a38e73729","metadata":{"generator":"AnimationSerializer","type":"Object","version":"0.0.1"},"id":null,"uuid":"29061C09-C824-44B1-922F-0331923493C9","layer":0,"layerName":"AnimLayer1","animations":[]},{"_id":"5d7b0cb9c8b49a1a38e7372a","metadata":{"generator":"AnimationSerializer","type":"Object","version":"0.0.1"},"id":null,"uuid":"2E51C86F-C0D7-4246-8DD9-8BCE91859C41","layer":1,"layerName":"AnimLayer2","animations":[]},{"_id":"5d7b0cb9c8b49a1a38e7372b","metadata":{"generator":"AnimationSerializer","type":"Object","version":"0.0.1"},"id":null,"uuid":"99FE47C2-D0DA-45EB-A3F8-E558C21BAF52","layer":2,"layerName":"AnimLayer3","animations":[]},{"_id":"5d7b0cb9c8b49a1a38e7372c","metadata":{"generator":"AudioListenerSerializer","type":"Object","version":"0.0.1"},"castShadow":false,"children":[],"frustumCulled":true,"layers":{"mask":1},"matrix":{"elements":[1,0,0,0,0,1,0,0,0,0,1,0,0,0,0,1]},"matrixAutoUpdate":true,"matrixWorld":{"elements":[0.68920999366279045,8.6736173798840355E-19,-0.72456164998938244,0,0.0037409607841336965,0.99998667127761676,0.0035584377925098778,0,0.72455199250830027,-0.0051630676067226516,0.68920080737412115,0,26.956859503309275,-0.19209123640484005,25.641623411502351,1]},"matrixWorldNeedsUpdate":false,"modelViewMatrix":{"elements":[1,0,0,0,0,1,0,0,0,0,1,0,0,0,0,1]},"name":"AudioListener","normalMatrix":{"elements":[1,0,0,0,1,0,0,0,1]},"parent":"02FD0B7F-06B0-4565-B151-28A3F79FB03D","position":{"x":0,"y":0,"z":0},"quaternion":{"x":0,"y":0,"z":0,"w":1},"receiveShadow":false,"renderOrder":0,"rotation":{"x":0,"y":0,"z":0,"order":"XYZ"},"scale":{"x":1,"y":1,"z":1},"type":"AudioListener","up":{"x":0,"y":1,"z":0},"userData":{},"uuid":"3E89BFD3-D143-4710-8FAC-95EBAB0B442E","visible":true,"isObject3D":true,"masterVolume":1},{"_id":"5d7b0cb9c8b49a1a38e7372d","metadata":{"generator":"VisualSerializer","type":"Object","version":"0.0.1"},"data":[]},{"_id":"5d7b0cb9c8b49a1a38e7372e","metadata":{"generator":"SceneSerializer","type":"Object","version":"0.0.1"},"castShadow":false,"children":["4F69B5AD-8985-4D3B-8669-1055A0C96DBE","95DDE221-5D64-42B1-98E5-FD5C4D21604B","F35C38BC-BAC7-4D4F-ABAC-6CE5E01D2E5A"],"frustumCulled":true,"layers":{"mask":1},"matrix":{"elements":[1,0,0,0,0,1,0,0,0,0,1,0,0,0,0,1]},"matrixAutoUpdate":true,"matrixWorld":{"elements":[1,0,0,0,0,1,0,0,0,0,1,0,0,0,0,1]},"matrixWorldNeedsUpdate":false,"modelViewMatrix":{"elements":[1,0,0,0,0,1,0,0,0,0,1,0,0,0,0,1]},"name":"Scene","normalMatrix":{"elements":[1,0,0,0,1,0,0,0,1]},"parent":null,"position":{"x":0,"y":0,"z":0},"quaternion":{"x":0,"y":0,"z":0,"w":1},"receiveShadow":false,"renderOrder":0,"rotation":{"x":0,"y":0,"z":0,"order":"XYZ"},"scale":{"x":1,"y":1,"z":1},"type":"Scene","up":{"x":0,"y":1,"z":0},"userData":{"children":[{"uuid":"4F69B5AD-8985-4D3B-8669-1055A0C96DBE","children":[]},{"uuid":"95DDE221-5D64-42B1-98E5-FD5C4D21604B","children":[]},{"uuid":"F35C38BC-BAC7-4D4F-ABAC-6CE5E01D2E5A","children":[{"uuid":"FF5FA7B4-8DF1-4D3B-9C25-A96113D2C650","children":[]}]}]},"uuid":"E8C873B9-F850-4C6B-AD73-A045A8D8CB7A","visible":true,"isObject3D":true,"background":11184810,"fog":null,"overrideMaterial":null},{"_id":"5d7b0cb9c8b49a1a38e7372f","metadata":{"generator":"AmbientLightSerializer","type":"Object","version":"0.0.1"},"children":[],"frustumCulled":true,"layers":{"mask":1},"matrix":{"elements":[1,0,0,0,0,1,0,0,0,0,1,0,0,0,0,1]},"matrixAutoUpdate":true,"matrixWorld":{"elements":[1,0,0,0,0,1,0,0,0,0,1,0,0,0,0,1]},"matrixWorldNeedsUpdate":false,"modelViewMatrix":{"elements":[1,0,0,0,0,1,0,0,0,0,1,0,0,0,0,1]},"name":"Ambient","normalMatrix":{"elements":[1,0,0,0,1,0,0,0,1]},"parent":"E8C873B9-F850-4C6B-AD73-A045A8D8CB7A","position":{"x":0,"y":0,"z":0},"quaternion":{"x":0,"y":0,"z":0,"w":1},"renderOrder":0,"rotation":{"x":0,"y":0,"z":0,"order":"XYZ"},"scale":{"x":1,"y":1,"z":1},"type":"AmbientLight","up":{"x":0,"y":1,"z":0},"userData":{},"uuid":"4F69B5AD-8985-4D3B-8669-1055A0C96DBE","visible":true,"isObject3D":true,"color":16777215,"intensity":0.74,"isLight":true,"shadow":null,"isAmbientLight":true},{"_id":"5d7b0cb9c8b49a1a38e73730","metadata":{"generator":"DirectionalLightSerializer","type":"Object","version":"0.0.1"},"castShadow":true,"children":[],"frustumCulled":true,"layers":{"mask":1},"matrix":{"elements":[1,0,0,0,0,1,0,0,0,0,1,0,3.7569654082008839,12.47349441002565,15.163333858146103,1]},"matrixAutoUpdate":true,"matrixWorld":{"elements":[1,0,0,0,0,1,0,0,0,0,1,0,3.7569654082008839,12.47349441002565,15.163333858146103,1]},"matrixWorldNeedsUpdate":false,"modelViewMatrix":{"elements":[1,0,0,0,0,1,0,0,0,0,1,0,0,0,0,1]},"name":"Directional","normalMatrix":{"elements":[1,0,0,0,1,0,0,0,1]},"parent":"E8C873B9-F850-4C6B-AD73-A045A8D8CB7A","position":{"x":3.7569654082008839,"y":12.47349441002565,"z":15.163333858146103},"quaternion":{"x":0,"y":0,"z":0,"w":1},"renderOrder":0,"rotation":{"x":0,"y":0,"z":0,"order":"XYZ"},"scale":{"x":1,"y":1,"z":1},"type":"DirectionalLight","up":{"x":0,"y":1,"z":0},"userData":{},"uuid":"95DDE221-5D64-42B1-98E5-FD5C4D21604B","visible":true,"isObject3D":true,"color":16777215,"intensity":0.86,"isLight":true,"shadow":{"metadata":{"generator":"DirectionalLightShadowSerializer","type":"Object","version":"0.0.1"},"bias":0,"camera":{"metadata":{"generator":"OrthographicCameraSerializer","type":"Object","version":"0.0.1"},"castShadow":false,"children":[],"frustumCulled":true,"layers":{"mask":1},"matrix":{"elements":[0.97065047099189683,-1.3877787807814457E-17,-0.24049462190080031,0,-0.15005992014524711,0.78145330620086573,-0.60565068364011432,0,0.18793531740790756,0.62396372508963682,0.75851801972204536,0,3.7569654082008839,12.47349441002565,15.163333858146103,1]},"matrixAutoUpdate":true,"matrixWorld":{"elements":[0.97065047099189683,-1.3877787807814457E-17,-0.24049462190080031,0,-0.15005992014524711,0.78145330620086573,-0.60565068364011432,0,0.18793531740790756,0.62396372508963682,0.75851801972204536,0,3.7569654082008839,12.47349441002565,15.163333858146103,1]},"matrixWorldNeedsUpdate":false,"modelViewMatrix":{"elements":[1,0,0,0,0,1,0,0,0,0,1,0,0,0,0,1]},"name":"","normalMatrix":{"elements":[1,0,0,0,1,0,0,0,1]},"parent":null,"position":{"x":3.7569654082008839,"y":12.47349441002565,"z":15.163333858146103},"quaternion":{"x":-0.32813074569026052,"y":0.11432936574533646,"z":0.040044483169603823,"w":0.93683266874543925},"receiveShadow":false,"renderOrder":0,"rotation":{"x":-0.68837566955520058,"y":0.18905958227097147,"z":0.15338300200068644,"order":"XYZ"},"scale":{"x":1,"y":1,"z":1},"type":"OrthographicCamera","up":{"x":0,"y":1,"z":0},"userData":{},"uuid":"D3594A0F-8B77-4F2A-ABD5-50B3162B7D12","visible":true,"isObject3D":true,"matrixWorldInverse":{"elements":[0.97065047099189683,-0.15005992014524711,0.18793531740790753,0,0,0.78145330620086584,0.62396372508963682,0,-0.24049462190080029,-0.60565068364011443,0.75851801972204524,0,-1.1102230246251565E-15,-1.7763568394002505E-15,-19.990736493910351,0.99999999999999989]},"projectionMatrix":{"elements":[0.05,0,0,0,0,0.05,0,0,0,0,-0.0040008001600320064,0,0,0,-1.0004000800160033,1]},"bottom":-20,"far":500,"left":-20,"near":0.1,"right":20,"top":20,"view":null,"zoom":1},"map":{"metadata":{"generator":"WebGLRenderTargetSerializer","type":"Object","version":"0.0.1"},"depthBuffer":true,"depthTexture":null,"height":2048,"scissor":{"x":0,"y":0,"z":2048,"w":2048},"scissorTest":false,"stencilBuffer":true,"texture":{"metadata":{"generator":"TextureSerializer","type":"Object","version":"0.0.1"},"anisotropy":1,"center":{"x":0,"y":0},"encoding":3000,"flipY":true,"format":1023,"generateMipmaps":false,"image":null,"magFilter":1003,"mapping":300,"matrix":{"elements":[1,0,0,0,1,0,0,0,1]},"matrixAutoUpdate":true,"minFilter":1003,"mipmaps":[],"name":"Directional.shadowMap","offset":{"x":0,"y":0},"premultiplyAlpha":false,"repeat":{"x":1,"y":1},"rotation":0,"type":1009,"unpackAlignment":4,"uuid":"38CB6A3D-7C64-41C4-BCB5-796711CF1B2B","version":0,"wrapS":1001,"wrapT":1001,"isTexture":true},"viewport":{"x":0,"y":0,"z":2048,"w":2048},"width":2048,"isWebGLRenderTarget":true},"mapSize":{"x":2048,"y":2048},"matrix":{"elements":[0.024266261774797421,-0.0037514980036311776,-0.00037594582398061121,0,0,0.019536332655021648,-0.0012481770855963929,0,-0.0060123655475200072,-0.015141267091002861,-0.0015173395073455596,0,0.49999999999999989,0.49999999999999989,0.039789430873995432,0.99999999999999989]},"radius":0},"isDirectionalLight":true},{"_id":"5d7b0cb9c8b49a1a38e73731","metadata":{"generator":"ServerObject","type":"Object","version":"0.0.1"},"castShadow":false,"children":["FF5FA7B4-8DF1-4D3B-9C25-A96113D2C650"],"frustumCulled":true,"layers":{"mask":1},"matrix":{"elements":[5,0,0,0,0,5,0,0,0,0,5,0,0,0,0,1]},"matrixAutoUpdate":true,"matrixWorld":{"elements":[5,0,0,0,0,5,0,0,0,0,5,0,0,0,0,1]},"matrixWorldNeedsUpdate":false,"modelViewMatrix":{"elements":[1,0,0,0,0,1,0,0,0,0,1,0,0,0,0,1]},"name":"glTF","normalMatrix":{"elements":[1,0,0,0,1,0,0,0,1]},"parent":"E8C873B9-F850-4C6B-AD73-A045A8D8CB7A","position":{"x":0,"y":0,"z":0},"quaternion":{"x":0,"y":0,"z":0,"w":1},"receiveShadow":false,"renderOrder":0,"rotation":{"x":0,"y":0,"z":0,"order":"XYZ"},"scale":{"x":5,"y":5,"z":5},"type":"Scene","up":{"x":0,"y":1,"z":0},"userData":{"_children":[{"uuid":"FF5FA7B4-8DF1-4D3B-9C25-A96113D2C650","children":[]}],"physics":{"enabled":false,"type":"rigidBody","shape":"btBoxShape","mass":1,"inertia":{"x":0,"y":0,"z":0}},"ID":"5d7b0c6ec8b49a1a38e73723","Name":"glTF","CategoryID":"","CategoryName":"","TotalPinYin":"gltf","FirstPinYin":"gltf","Type":"gltf","Url":"/Upload/Model/20190913112637/DamagedHelmet.gltf","FileName":null,"FileSize":0,"FileType":null,"SaveName":null,"SavePath":null,"AddTime":"0001-01-01 00:00:00","Thumbnail":"","id":"5d7b0c6ec8b49a1a38e73723","src":null,"title":"glTF","icon":"model","cornerText":"gltf","Server":true,"children":[{"uuid":"FF5FA7B4-8DF1-4D3B-9C25-A96113D2C650","children":[]}]},"uuid":"F35C38BC-BAC7-4D4F-ABAC-6CE5E01D2E5A","visible":true,"isObject3D":true},{"_id":"5d7b0cb9c8b49a1a38e73732","metadata":{"generator":"MeshSerializer","type":"Object","version":"0.0.1"},"castShadow":false,"children":[],"frustumCulled":true,"layers":{"mask":1},"matrix":{"elements":[1,0,0,0,0,-1.3435885648505064E-07,1.0000001343588565,0,0,-1.0000001343588565,-1.3435885648505064E-07,0,0,0,0,1]},"matrixAutoUpdate":true,"matrixWorld":{"elements":[5,0,0,0,0,-6.7179428242525319E-07,5.0000006717942824,0,0,-5.0000006717942824,-6.7179428242525319E-07,0,0,0,0,1]},"matrixWorldNeedsUpdate":false,"modelViewMatrix":{"elements":[3.446049968313952,0.018704803920668485,3.6227599625415015,0,-3.6228087367032864,0.017791519567759293,3.4460045033402875,0,4.8675637372530634E-07,-4.9999340305639519,0.025814878500970723,0,6.8773112205100533E-15,1.387778780781446E-17,-37.204865602519853,1.0000000000000002]},"name":"node_damagedHelmet_-6514","normalMatrix":{"elements":[0.13784199873255806,0.00074819215682673883,0.14491039850166001,-0.14491231052762146,0.00071166059147453864,0.13784014309351841,1.9470249716859539E-08,-0.1999973074797316,0.0010325948625622612]},"parent":"F35C38BC-BAC7-4D4F-ABAC-6CE5E01D2E5A","position":{"x":0,"y":0,"z":0},"quaternion":{"x":0.7071068286895752,"y":0,"z":0,"w":0.7071068286895752},"receiveShadow":false,"renderOrder":0,"rotation":{"x":1.5707964611537351,"y":0,"z":0,"order":"XYZ"},"scale":{"x":1,"y":1,"z":1},"type":"Mesh","up":{"x":0,"y":1,"z":0},"userData":{"name":"node_damagedHelmet_-6514"},"uuid":"FF5FA7B4-8DF1-4D3B-9C25-A96113D2C650","visible":true,"isObject3D":true,"drawMode":0,"geometry":{"metadata":{"generator":"BufferGeometrySerializer","type":"Object","version":"0.0.1"},"boundingBox":null,"boundingSphere":{"center":{"x":-0.0024815797805786133,"y":-0.18715494871139526,"z":-1.0520219802856445E-05},"radius":1.2721856616794653},"drawRange":{"start":0,"count":null},"groups":[],"morphAttributes":{},"name":"","type":"BufferGeometry","userData":{},"uuid":"D642A51F-02F6-447A-B003-8CFD9CDB7D49"},"material":{"metadata":{"generator":"MeshStandardMaterialSerializer","type":"Object","version":"0.0.1"},"alphaMap":null,"alphaTest":0,"aoMap":{"metadata":{"generator":"TextureSerializer","type":"Object","version":"0.0.1"},"anisotropy":1,"center":{"x":0,"y":0},"encoding":3000,"flipY":false,"format":1022,"generateMipmaps":true,"image":{"tagName":"img","src":"/Upload/Model/20190913112637/Default_AO.jpg","width":2048,"height":2048},"magFilter":1006,"mapping":300,"matrix":{"elements":[1,0,0,0,1,0,0,0,1]},"matrixAutoUpdate":true,"minFilter":1008,"mipmaps":[],"name":"","offset":{"x":0,"y":0},"premultiplyAlpha":false,"repeat":{"x":1,"y":1},"rotation":0,"type":1009,"unpackAlignment":4,"uuid":"1F01CB75-FE09-4FC0-95AD-A77E6E408189","version":1,"wrapS":1000,"wrapT":1000,"isTexture":true},"aoMapIntensity":1,"blendDst":205,"blendDstAlpha":null,"blendEquation":100,"blendEquationAlpha":null,"blendSrc":204,"blendSrcAlpha":null,"blending":1,"bumpMap":null,"bumpScale":1,"clipIntersection":false,"clippingPlanes":null,"color":16777215,"colorWrite":true,"depthFunc":3,"depthTest":true,"depthWrite":true,"displacementBias":0,"displacementMap":null,"displacementScale":1,"dithering":false,"emissive":16777215,"emissiveIntensity":1,"emissiveMap":{"metadata":{"generator":"TextureSerializer","type":"Object","version":"0.0.1"},"anisotropy":1,"center":{"x":0,"y":0},"encoding":3001,"flipY":false,"format":1022,"generateMipmaps":true,"image":{"tagName":"img","src":"/Upload/Model/20190913112637/Default_emissive.jpg","width":2048,"height":2048},"magFilter":1006,"mapping":300,"matrix":{"elements":[1,0,0,0,1,0,0,0,1]},"matrixAutoUpdate":true,"minFilter":1008,"mipmaps":[],"name":"","offset":{"x":0,"y":0},"premultiplyAlpha":false,"repeat":{"x":1,"y":1},"rotation":0,"type":1009,"unpackAlignment":4,"uuid":"FCA84A89-77CD-43BC-96FD-DF6700E4E964","version":1,"wrapS":1000,"wrapT":1000,"isTexture":true},"envMap":null,"envMapIntensity":1,"flatShading":false,"fog":true,"lightMap":null,"lightMapIntensity":1,"lights":true,"map":{"metadata":{"generator":"TextureSerializer","type":"Object","version":"0.0.1"},"anisotropy":1,"center":{"x":0,"y":0},"encoding":3001,"flipY":false,"format":1022,"generateMipmaps":true,"image":{"tagName":"img","src":"/Upload/Model/20190913112637/Default_albedo.jpg","width":2048,"height":2048},"magFilter":1006,"mapping":300,"matrix":{"elements":[1,0,0,0,1,0,0,0,1]},"matrixAutoUpdate":true,"minFilter":1008,"mipmaps":[],"name":"","offset":{"x":0,"y":0},"premultiplyAlpha":false,"repeat":{"x":1,"y":1},"rotation":0,"type":1009,"unpackAlignment":4,"uuid":"9F9E42EF-F4AA-4CCF-B47A-C45AE99C4FE0","version":1,"wrapS":1000,"wrapT":1000,"isTexture":true},"metalness":1,"metalnessMap":{"metadata":{"generator":"TextureSerializer","type":"Object","version":"0.0.1"},"anisotropy":1,"center":{"x":0,"y":0},"encoding":3000,"flipY":false,"format":1022,"generateMipmaps":true,"image":{"tagName":"img","src":"/Upload/Model/20190913112637/Default_metalRoughness.jpg","width":2048,"height":2048},"magFilter":1006,"mapping":300,"matrix":{"elements":[1,0,0,0,1,0,0,0,1]},"matrixAutoUpdate":true,"minFilter":1008,"mipmaps":[],"name":"","offset":{"x":0,"y":0},"premultiplyAlpha":false,"repeat":{"x":1,"y":1},"rotation":0,"type":1009,"unpackAlignment":4,"uuid":"A6081CE9-FB53-48F7-ABBF-1CE8CABED67A","version":1,"wrapS":1000,"wrapT":1000,"isTexture":true},"morphNormals":false,"morphTargets":false,"name":"Material_MR","normalMap":{"metadata":{"generator":"TextureSerializer","type":"Object","version":"0.0.1"},"anisotropy":1,"center":{"x":0,"y":0},"encoding":3000,"flipY":false,"format":1022,"generateMipmaps":true,"image":{"tagName":"img","src":"/Upload/Model/20190913112637/Default_normal.jpg","width":2048,"height":2048},"magFilter":1006,"mapping":300,"matrix":{"elements":[1,0,0,0,1,0,0,0,1]},"matrixAutoUpdate":true,"minFilter":1008,"mipmaps":[],"name":"","offset":{"x":0,"y":0},"premultiplyAlpha":false,"repeat":{"x":1,"y":1},"rotation":0,"type":1009,"unpackAlignment":4,"uuid":"6F7E27A5-9076-4F97-B975-C9AFE4A21D4A","version":1,"wrapS":1000,"wrapT":1000,"isTexture":true},"normalScale":{"x":1,"y":1},"opacity":1,"polygonOffset":false,"polygonOffsetFactor":0,"polygonOffsetUnits":0,"precision":null,"premultipliedAlpha":false,"refractionRatio":0.98,"roughness":1,"roughnessMap":{"metadata":{"generator":"TextureSerializer","type":"Object","version":"0.0.1"},"anisotropy":1,"center":{"x":0,"y":0},"encoding":3000,"flipY":false,"format":1022,"generateMipmaps":true,"image":{"tagName":"img","src":"/Upload/Model/20190913112637/Default_metalRoughness.jpg","width":2048,"height":2048},"magFilter":1006,"mapping":300,"matrix":{"elements":[1,0,0,0,1,0,0,0,1]},"matrixAutoUpdate":true,"minFilter":1008,"mipmaps":[],"name":"","offset":{"x":0,"y":0},"premultiplyAlpha":false,"repeat":{"x":1,"y":1},"rotation":0,"type":1009,"unpackAlignment":4,"uuid":"A6081CE9-FB53-48F7-ABBF-1CE8CABED67A","version":1,"wrapS":1000,"wrapT":1000,"isTexture":true},"shadowSide":null,"side":0,"skinning":false,"transparent":false,"type":"MeshStandardMaterial","userData":{},"uuid":"5FB900B3-56FA-44FC-BEBE-181011818264","vertexColors":0,"visible":true,"wireframe":false,"wireframeLinecap":"round","wireframeLinejoin":"round","wireframeLinewidth":1}}]}