{"Code":200,"Msg":"Get Successfully!","Data":[{"_id":"5d7b964dc8b49a0cf8861f89","metadata":{"generator":"OptionsSerializer","type":"Object","version":"0.0.1"},"server":"http://localhost:2000","sceneType":"Empty","shadowMapType":2,"gammaInput":false,"gammaOutput":false,"gammaFactor":2,"hueRotate":0,"saturate":1,"brightness":1,"blur":0,"contrast":1,"grayscale":0,"invert":0,"sepia":0,"theme":"assets/css/light.css","showGrid":true,"showCameraHelper":true,"showPointLightHelper":false,"showDirectionalLightHelper":true,"showSpotLightHelper":true,"showHemisphereLightHelper":true,"showRectAreaLightHelper":true,"showSkeletonHelper":false,"selected":"03DFE5F9-6212-4A43-9BD9-423722927F65"},{"_id":"5d7b964dc8b49a0cf8861f8a","metadata":{"generator":"PerspectiveCameraSerializer","type":"Object","version":"0.0.1"},"castShadow":false,"children":["B9372780-424D-4651-A04E-7A105E0AB25C"],"frustumCulled":true,"layers":{"mask":1},"matrix":{"elements":[0.99999920312577084,0,-0.0012624372551718072,0,-0.00058099186751326055,0.8878077830658363,-0.4602140836351869,0,0.0011208016207738015,0.46021445036822228,0.88780707559469352,0,-0.34803913697556921,6.0422232447182855,8.7649160220872684,1]},"matrixAutoUpdate":true,"matrixWorld":{"elements":[0.99999920312577084,0,-0.0012624372551718072,0,-0.00058099186751326055,0.8878077830658363,-0.4602140836351869,0,0.0011208016207738015,0.46021445036822228,0.88780707559469352,0,-0.34803913697556921,6.0422232447182855,8.7649160220872684,1]},"matrixWorldNeedsUpdate":false,"modelViewMatrix":{"elements":[1,0,0,0,0,1,0,0,0,0,1,0,0,0,0,1]},"name":"Default Camera","normalMatrix":{"elements":[1,0,0,0,1,0,0,0,1]},"parent":null,"position":{"x":-0.34803913697556921,"y":6.0422232447182855,"z":8.7649160220872684},"quaternion":{"x":-0.23684612328748439,"y":0.00061325878955600553,"z":0.00014950174445761132,"w":0.97154697027296377},"receiveShadow":false,"renderOrder":0,"rotation":{"x":-0.4782370594377689,"y":0.0011208018554317374,"z":0.00058099226511936451,"order":"XYZ"},"scale":{"x":1,"y":1,"z":1},"type":"PerspectiveCamera","up":{"x":0,"y":1,"z":0},"userData":{"isDefault":true,"orbitOptions":{"minDistance":0,"maxDistance":99999,"minPolarAngle":0,"maxPolarAngle":3.1415926535897931,"minAzimuthAngle":-9999,"maxAzimuthAngle":9999,"enableDamping":false,"dampingFactor":0.25,"enableZoom":true,"zoomSpeed":1,"enableRotate":true,"rotateSpeed":1,"enablePan":true,"panSpeed":1,"screenSpacePanning":false,"keyPanSpeed":7,"autoRotate":false,"autoRotateSpeed":2,"enableKeys":true}},"uuid":"E245841B-FC4B-47E5-AF0B-D409ACDCD5BA","visible":true,"isObject3D":true,"matrixWorldInverse":{"elements":[0.99999920312577084,-0.00058099186751326044,0.0011208016207738015,0,1.0842021724855044E-19,0.88780778306583619,0.46021445036822228,0,-0.0012624372551718072,-0.4602140836351869,0.88780707559469352,0,0.35910401615688536,-1.3307972363461031,-10.561882828143679,0.99999999999999989]},"projectionMatrix":{"elements":[1.1615432125569514,0,0,0,0,2.1445069205095586,0,0,0,0,-1.0000200002000021,-1,0,0,-0.20000200002000021,0]},"aspect":1.8462566844919786,"far":10000,"filmGauge":35,"filmOffset":0,"focus":10,"fov":50,"near":0.1,"view":null,"zoom":1},{"_id":"5d7b964dc8b49a0cf8861f8b","metadata":{"generator":"WebGLRendererSerializer","type":"Object","version":"0.0.1"},"antialias":true,"autoClear":false,"autoClearColor":true,"autoClearDepth":true,"autoClearStencil":true,"autoUpdateScene":false,"clippingPlanes":[],"gammaFactor":2,"gammaInput":false,"gammaOutput":false,"localClippingEnabled":false,"physicallyCorrectLights":false,"shadowMap":{"metadata":{"generator":"WebGLShadowMapSerializer","type":"Object","version":"0.0.1"},"autoUpdate":true,"enabled":true,"needsUpdate":false,"type":2},"sortObjects":true,"toneMapping":1,"toneMappingExposure":1,"toneMappingWhitePoint":1},{"_id":"5c94c8f1c8b49a24585641c2","metadata":{"generator":"AnimationSerializer","type":"Object","version":"0.0.1"},"id":null,"uuid":"02979401-B432-4737-A480-F944A7CEF820","layer":0,"layerName":"AnimLayer1","animations":[{"id":null,"uuid":"F183C86A-37BB-4C67-81E7-D2ACFEDE79B4","name":"Anim-1","target":"0C083CA2-C859-4B74-ACDA-478086D12237","type":"Tween","beginTime":0,"endTime":3,"data":{"beginStatus":"Custom","beginPositionX":-5,"beginPositionY":0.5,"beginPositionZ":-10,"beginRotationX":0,"beginRotationY":0,"beginRotationZ":0,"beginScaleLock":true,"beginScaleX":1,"beginScaleY":1,"beginScaleZ":1,"ease":"linear","endStatus":"Custom","endPositionX":5,"endPositionY":0.5,"endPositionZ":-10,"endRotationX":0,"endRotationY":0,"endRotationZ":0,"endScaleLock":true,"endScaleX":1,"endScaleY":1,"endScaleZ":1}}]},{"_id":"5c94c8f1c8b49a24585641c3","metadata":{"generator":"AnimationSerializer","type":"Object","version":"0.0.1"},"id":null,"uuid":"064C8367-9FBC-4C08-90BC-BF67A423B3BD","layer":1,"layerName":"AnimLayer2","animations":[{"id":null,"uuid":"46E54A98-8C6A-45B0-85C5-CBEB7F24291B","name":"Anim-2","target":"D4A618BD-A36A-4BEB-AB12-47409A8AC9E6","type":"Tween","beginTime":0,"endTime":3,"data":{"beginStatus":"Custom","beginPositionX":-5,"beginPositionY":0.5,"beginPositionZ":-8,"beginRotationX":0,"beginRotationY":0,"beginRotationZ":0,"beginScaleLock":true,"beginScaleX":1,"beginScaleY":1,"beginScaleZ":1,"ease":"quadIn","endStatus":"Custom","endPositionX":5,"endPositionY":0.5,"endPositionZ":-8,"endRotationX":0,"endRotationY":0,"endRotationZ":0,"endScaleLock":true,"endScaleX":1,"endScaleY":1,"endScaleZ":1}}]},{"_id":"5c94c8f1c8b49a24585641c4","metadata":{"generator":"AnimationSerializer","type":"Object","version":"0.0.1"},"id":null,"uuid":"121EA5D3-01B3-4CEE-99D3-3AF02A5FB58B","layer":2,"layerName":"AnimLayer3","animations":[{"id":null,"uuid":"E405D36F-D938-4F25-8881-928EF2EF2B52","name":"Anim-3","target":"26F77520-31AE-498C-92BA-A8A539B579B4","type":"Tween","beginTime":0,"endTime":3,"data":{"beginStatus":"Custom","beginPositionX":-5,"beginPositionY":0.5,"beginPositionZ":-6,"beginRotationX":0,"beginRotationY":0,"beginRotationZ":0,"beginScaleLock":true,"beginScaleX":1,"beginScaleY":1,"beginScaleZ":1,"ease":"quadOut","endStatus":"Custom","endPositionX":5,"endPositionY":0.5,"endPositionZ":-6,"endRotationX":0,"endRotationY":0,"endRotationZ":0,"endScaleLock":true,"endScaleX":1,"endScaleY":1,"endScaleZ":1}}]},{"_id":"5c94c8f1c8b49a24585641c5","metadata":{"generator":"AnimationSerializer","type":"Object","version":"0.0.1"},"id":null,"uuid":"1A8E4620-5FED-4FCB-BCD3-1855E1DD326E","layer":3,"layerName":"AnimLayer4","animations":[{"id":null,"uuid":"D90480A2-9126-4F63-9A4D-102C4DDFA4E8","name":"Anim-4","target":"8684FF14-7EB9-4B92-870D-FD0502C82D96","type":"Tween","beginTime":0,"endTime":3,"data":{"beginStatus":"Custom","beginPositionX":-5,"beginPositionY":0.5,"beginPositionZ":-4,"beginRotationX":0,"beginRotationY":0,"beginRotationZ":0,"beginScaleLock":true,"beginScaleX":1,"beginScaleY":1,"beginScaleZ":1,"ease":"quadInOut","endStatus":"Custom","endPositionX":5,"endPositionY":0.5,"endPositionZ":-4,"endRotationX":0,"endRotationY":0,"endRotationZ":0,"endScaleLock":true,"endScaleX":1,"endScaleY":1,"endScaleZ":1}}]},{"_id":"5c94c8f1c8b49a24585641c6","metadata":{"generator":"AnimationSerializer","type":"Object","version":"0.0.1"},"id":null,"uuid":"27C06A64-4D1C-44EB-B439-9315C3FA739C","layer":4,"layerName":"AnimLayer5","animations":[{"id":null,"uuid":"8433B54B-A57C-4385-A7BF-181D0097BD18","name":"Anim-5","target":"6A18B93F-B354-45AD-A046-388258A7AF83","type":"Tween","beginTime":0,"endTime":3,"data":{"beginStatus":"Custom","beginPositionX":-5,"beginPositionY":0.5,"beginPositionZ":-2,"beginRotationX":0,"beginRotationY":0,"beginRotationZ":0,"beginScaleLock":true,"beginScaleX":1,"beginScaleY":1,"beginScaleZ":1,"ease":"cubicIn","endStatus":"Custom","endPositionX":5,"endPositionY":0.5,"endPositionZ":-2,"endRotationX":0,"endRotationY":0,"endRotationZ":0,"endScaleLock":true,"endScaleX":1,"endScaleY":1,"endScaleZ":1}}]},{"_id":"5d7b964dc8b49a0cf8861f8c","metadata":{"generator":"AudioListenerSerializer","type":"Object","version":"0.0.1"},"castShadow":false,"children":[],"frustumCulled":true,"layers":{"mask":1},"matrix":{"elements":[1,0,0,0,0,1,0,0,0,0,1,0,0,0,0,1]},"matrixAutoUpdate":true,"matrixWorld":{"elements":[0.99999920312577084,0,-0.0012624372551718072,0,-0.00058099186751326055,0.8878077830658363,-0.4602140836351869,0,0.0011208016207738015,0.46021445036822228,0.88780707559469352,0,-0.34803913697556921,6.0422232447182855,8.7649160220872684,1]},"matrixWorldNeedsUpdate":false,"modelViewMatrix":{"elements":[1,0,0,0,0,1,0,0,0,0,1,0,0,0,0,1]},"name":"音频监听器","normalMatrix":{"elements":[1,0,0,0,1,0,0,0,1]},"parent":"E245841B-FC4B-47E5-AF0B-D409ACDCD5BA","position":{"x":0,"y":0,"z":0},"quaternion":{"x":0,"y":0,"z":0,"w":1},"receiveShadow":false,"renderOrder":0,"rotation":{"x":0,"y":0,"z":0,"order":"XYZ"},"scale":{"x":1,"y":1,"z":1},"type":"AudioListener","up":{"x":0,"y":1,"z":0},"userData":{},"uuid":"B9372780-424D-4651-A04E-7A105E0AB25C","visible":true,"isObject3D":true,"masterVolume":1},{"_id":"5d7b964dc8b49a0cf8861f8d","metadata":{"generator":"VisualSerializer","type":"Object","version":"0.0.1"},"data":[]},{"_id":"5d7b964dc8b49a0cf8861f8e","metadata":{"generator":"SceneSerializer","type":"Object","version":"0.0.1"},"castShadow":false,"children":["03DFE5F9-6212-4A43-9BD9-423722927F65","A4755F80-D702-498E-9ED0-D061DC697401","BC14B2ED-47CD-47BE-8702-F0702639255D","1368A6B8-B47E-49C0-BBD6-9A052DD7FF53","2B2B920F-1D90-4EA6-9C63-362782DEAAC0"],"frustumCulled":true,"layers":{"mask":1},"matrix":{"elements":[1,0,0,0,0,1,0,0,0,0,1,0,0,0,0,1]},"matrixAutoUpdate":true,"matrixWorld":{"elements":[1,0,0,0,0,1,0,0,0,0,1,0,0,0,0,1]},"matrixWorldNeedsUpdate":false,"modelViewMatrix":{"elements":[1,0,0,0,0,1,0,0,0,0,1,0,0,0,0,1]},"name":"Scene","normalMatrix":{"elements":[1,0,0,0,1,0,0,0,1]},"parent":null,"position":{"x":0,"y":0,"z":0},"quaternion":{"x":0,"y":0,"z":0,"w":1},"receiveShadow":false,"renderOrder":0,"rotation":{"x":0,"y":0,"z":0,"order":"XYZ"},"scale":{"x":1,"y":1,"z":1},"type":"Scene","up":{"x":0,"y":1,"z":0},"userData":{"children":[{"uuid":"03DFE5F9-6212-4A43-9BD9-423722927F65","children":[]},{"uuid":"A4755F80-D702-498E-9ED0-D061DC697401","children":[]},{"uuid":"BC14B2ED-47CD-47BE-8702-F0702639255D","children":[]},{"uuid":"1368A6B8-B47E-49C0-BBD6-9A052DD7FF53","children":[{"uuid":"0C083CA2-C859-4B74-ACDA-478086D12237","children":[]},{"uuid":"D4A618BD-A36A-4BEB-AB12-47409A8AC9E6","children":[]},{"uuid":"26F77520-31AE-498C-92BA-A8A539B579B4","children":[]},{"uuid":"8684FF14-7EB9-4B92-870D-FD0502C82D96","children":[]},{"uuid":"6A18B93F-B354-45AD-A046-388258A7AF83","children":[]}]},{"uuid":"2B2B920F-1D90-4EA6-9C63-362782DEAAC0","children":[{"uuid":"0910DF7A-62C6-4910-BB10-A457D46E652D","children":[]},{"uuid":"18720EAC-DBB1-46D6-BAA4-07077BC469EF","children":[]},{"uuid":"8D8E5175-E657-4F87-860A-3A917639BBAD","children":[]},{"uuid":"CE8861E9-0AFC-47CE-A829-FF9314629A57","children":[]},{"uuid":"71D243BD-3C6B-4EC0-B9E1-A1E0EDE131D7","children":[]}]}],"physics":{"type":"btSoftBodyRigidBodyCollisionConfiguration","gravityX":0,"gravityY":-9.8,"gravityZ":0}},"uuid":"17CB8E83-8104-44E6-AB1A-0F30D2C8DABF","visible":true,"isObject3D":true,"background":11184810,"fog":null,"overrideMaterial":null},{"_id":"5d7b964dc8b49a0cf8861f8f","metadata":{"generator":"AmbientLightSerializer","type":"Object","version":"0.0.1"},"children":[],"frustumCulled":true,"layers":{"mask":1},"matrix":{"elements":[1,0,0,0,0,1,0,0,0,0,1,0,0,0,0,1]},"matrixAutoUpdate":true,"matrixWorld":{"elements":[1,0,0,0,0,1,0,0,0,0,1,0,0,0,0,1]},"matrixWorldNeedsUpdate":false,"modelViewMatrix":{"elements":[1,0,0,0,0,1,0,0,0,0,1,0,0,0,0,1]},"name":"Ambient","normalMatrix":{"elements":[1,0,0,0,1,0,0,0,1]},"parent":"17CB8E83-8104-44E6-AB1A-0F30D2C8DABF","position":{"x":0,"y":0,"z":0},"quaternion":{"x":0,"y":0,"z":0,"w":1},"renderOrder":0,"rotation":{"x":0,"y":0,"z":0,"order":"XYZ"},"scale":{"x":1,"y":1,"z":1},"type":"AmbientLight","up":{"x":0,"y":1,"z":0},"userData":{},"uuid":"03DFE5F9-6212-4A43-9BD9-423722927F65","visible":true,"isObject3D":true,"color":16777215,"intensity":0.64,"isLight":true,"shadow":null,"isAmbientLight":true},{"_id":"5d7b964dc8b49a0cf8861f90","metadata":{"generator":"DirectionalLightSerializer","type":"Object","version":"0.0.1"},"castShadow":true,"children":[],"frustumCulled":true,"layers":{"mask":1},"matrix":{"elements":[1,0,0,0,0,1,0,0,0,0,1,0,5,10,7.5,1]},"matrixAutoUpdate":true,"matrixWorld":{"elements":[1,0,0,0,0,1,0,0,0,0,1,0,5,10,7.5,1]},"matrixWorldNeedsUpdate":false,"modelViewMatrix":{"elements":[1,0,0,0,0,1,0,0,0,0,1,0,0,0,0,1]},"name":"Directional","normalMatrix":{"elements":[1,0,0,0,1,0,0,0,1]},"parent":"17CB8E83-8104-44E6-AB1A-0F30D2C8DABF","position":{"x":5,"y":10,"z":7.5},"quaternion":{"x":0,"y":0,"z":0,"w":1},"renderOrder":0,"rotation":{"x":0,"y":0,"z":0,"order":"XYZ"},"scale":{"x":1,"y":1,"z":1},"type":"DirectionalLight","up":{"x":0,"y":1,"z":0},"userData":{},"uuid":"A4755F80-D702-498E-9ED0-D061DC697401","visible":true,"isObject3D":true,"color":16777215,"intensity":0.56,"isLight":true,"shadow":{"metadata":{"generator":"DirectionalLightShadowSerializer","type":"Object","version":"0.0.1"},"bias":0,"camera":{"metadata":{"generator":"OrthographicCameraSerializer","type":"Object","version":"0.0.1"},"castShadow":false,"children":[],"frustumCulled":true,"layers":{"mask":1},"matrix":{"elements":[0.83205029433784372,2.7755575615628914E-17,-0.554700196225229,0,-0.41202096209968375,0.66953406341198618,-0.61803144314952574,0,0.37139067635410372,0.74278135270820744,0.55708601453115558,0,5,10,7.5,1]},"matrixAutoUpdate":true,"matrixWorld":{"elements":[0.83205029433784372,2.7755575615628914E-17,-0.554700196225229,0,-0.41202096209968375,0.66953406341198618,-0.61803144314952574,0,0.37139067635410372,0.74278135270820744,0.55708601453115558,0,5,10,7.5,1]},"matrixWorldNeedsUpdate":false,"modelViewMatrix":{"elements":[1,0,0,0,0,1,0,0,0,0,1,0,0,0,0,1]},"name":"","normalMatrix":{"elements":[1,0,0,0,1,0,0,0,1]},"parent":null,"position":{"x":5,"y":10,"z":7.5},"quaternion":{"x":-0.38904698186552672,"y":0.26476298577359092,"z":0.1177939480420426,"w":0.87445273918619892},"receiveShadow":false,"renderOrder":0,"rotation":{"x":-0.92729521800161219,"y":0.3805063771123649,"z":0.45979025757734426,"order":"XYZ"},"scale":{"x":1,"y":1,"z":1},"type":"OrthographicCamera","up":{"x":0,"y":1,"z":0},"userData":{},"uuid":"87BCDB04-4F69-4B53-95AF-5BF20A19B2E3","visible":true,"isObject3D":true,"matrixWorldInverse":{"elements":[0.83205029433784372,-0.41202096209968375,0.37139067635410367,0,-5.5511151231257827E-17,0.66953406341198618,0.74278135270820744,0,-0.55470019622522915,-0.61803144314952574,0.55708601453115558,0,0,0,-13.46291201783626,1]},"projectionMatrix":{"elements":[0.05,0,0,0,0,0.05,0,0,0,0,-0.0040008001600320064,0,0,0,-1.0004000800160033,1]},"bottom":-20,"far":500,"left":-20,"near":0.1,"right":20,"top":20,"view":null,"zoom":1},"map":{"metadata":{"generator":"WebGLRenderTargetSerializer","type":"Object","version":"0.0.1"},"depthBuffer":true,"depthTexture":null,"height":2048,"scissor":{"x":0,"y":0,"z":2048,"w":2048},"scissorTest":false,"stencilBuffer":true,"texture":{"metadata":{"generator":"TextureSerializer","type":"Object","version":"0.0.1"},"anisotropy":1,"center":{"x":0,"y":0},"encoding":3000,"flipY":true,"format":1023,"generateMipmaps":false,"image":null,"magFilter":1003,"mapping":300,"matrix":{"elements":[1,0,0,0,1,0,0,0,1]},"matrixAutoUpdate":true,"minFilter":1003,"mipmaps":[],"name":"Directional.shadowMap","offset":{"x":0,"y":0},"premultiplyAlpha":false,"repeat":{"x":1,"y":1},"rotation":0,"type":1009,"unpackAlignment":4,"uuid":"F11D7375-13A6-4710-A3BC-7414226B9E95","version":0,"wrapS":1001,"wrapT":1001,"isTexture":true},"viewport":{"x":0,"y":0,"z":2048,"w":2048},"width":2048,"isWebGLRenderTarget":true},"mapSize":{"x":2048,"y":2048},"matrix":{"elements":[0.020801257358446096,-0.010300524052492094,-0.00074292993869594652,0,-1.3877787807814458E-18,0.016738351585299655,-0.0014858598773918933,0,-0.013867504905630729,-0.015450786078738144,-0.00111439490804392,0,0.5,0.5,0.0267311702697264,1]},"radius":0},"isDirectionalLight":true},{"_id":"5d7b964dc8b49a0cf8861f91","metadata":{"generator":"MeshSerializer","type":"Object","version":"0.0.1"},"castShadow":true,"children":[],"frustumCulled":true,"layers":{"mask":1},"matrix":{"elements":[1,0,0,0,0,2.2204460492503131E-16,-1,0,0,1,2.2204460492503131E-16,0,0,0,0,1]},"matrixAutoUpdate":true,"matrixWorld":{"elements":[1,0,0,0,0,2.2204460492503131E-16,-1,0,0,1,2.2204460492503131E-16,0,0,0,0,1]},"matrixWorldNeedsUpdate":false,"modelViewMatrix":{"elements":[0.99999920312577084,-0.00058099186751326044,0.0011208016207738015,0,0.0012624372551718072,0.46021408363518712,-0.88780707559469341,0,-1.7189716431871443E-19,0.88780778306583608,0.46021445036822251,0,0.35910401615688536,-1.3307972363461031,-10.561882828143679,0.99999999999999989]},"name":"Plane","normalMatrix":{"elements":[0.999999203125771,-0.00058099186751326077,0.0011208016207738015,0.0012624372551718072,0.46021408363518723,-0.88780707559469352,-2.1684043449710093E-19,0.8878077830658363,0.46021445036822262]},"parent":"17CB8E83-8104-44E6-AB1A-0F30D2C8DABF","position":{"x":0,"y":0,"z":0},"quaternion":{"x":-0.70710678118654746,"y":0,"z":0,"w":0.70710678118654757},"receiveShadow":true,"renderOrder":0,"rotation":{"x":-1.5707963267948966,"y":0,"z":0,"order":"XYZ"},"scale":{"x":1,"y":1,"z":1},"type":"Mesh","up":{"x":0,"y":1,"z":0},"userData":{"physics":{"enabled":false,"type":"rigidBody","shape":"btBoxShape","mass":0,"inertia":{"x":0,"y":0,"z":0}}},"uuid":"BC14B2ED-47CD-47BE-8702-F0702639255D","visible":true,"isObject3D":true,"drawMode":0,"geometry":{"metadata":{"generator":"PlaneBufferGeometrySerializer","type":"Object","version":"0.0.1"},"boundingBox":null,"boundingSphere":{"center":{"x":0,"y":0,"z":0},"radius":35.355339059327378},"drawRange":{"start":0,"count":null},"groups":[],"morphAttributes":{},"name":"","parameters":{"width":50,"height":50},"type":"PlaneBufferGeometry","userData":{},"uuid":"3770922B-1692-46F7-A31E-408D3B70B967"},"material":{"metadata":{"generator":"MeshPhongMaterialSerializer","type":"Object","version":"0.0.1"},"alphaMap":null,"alphaTest":0,"aoMap":null,"aoMapIntensity":1,"blendDst":205,"blendDstAlpha":null,"blendEquation":100,"blendEquationAlpha":null,"blendSrc":204,"blendSrcAlpha":null,"blending":1,"bumpMap":null,"bumpScale":1,"clipIntersection":false,"clippingPlanes":null,"color":8421504,"colorWrite":true,"depthFunc":3,"depthTest":true,"depthWrite":true,"displacementBias":0,"displacementMap":null,"displacementScale":1,"dithering":false,"emissive":0,"emissiveIntensity":1,"emissiveMap":null,"envMap":null,"flatShading":false,"fog":true,"lightMap":null,"lightMapIntensity":1,"lights":true,"map":{"metadata":{"generator":"TextureSerializer","type":"Object","version":"0.0.1"},"anisotropy":1,"center":{"x":0,"y":0},"encoding":3000,"flipY":true,"format":1023,"generateMipmaps":true,"image":{"tagName":"img","src":"/Upload/Texture/20190913205141/grid.png","width":64,"height":64},"magFilter":1006,"mapping":300,"matrix":{"elements":[16,0,0,0,16,0,0,0,1]},"matrixAutoUpdate":true,"minFilter":1008,"mipmaps":[],"name":"","offset":{"x":0,"y":0},"premultiplyAlpha":false,"repeat":{"x":16,"y":16},"rotation":0,"type":1009,"unpackAlignment":4,"uuid":"4890A223-9D9B-488D-9A92-C4FDB83947BE","version":11,"wrapS":1000,"wrapT":1000,"isTexture":true},"metalnessMap":null,"morphNormals":false,"morphTargets":false,"name":"","normalMap":null,"normalScale":{"x":1,"y":1},"opacity":1,"polygonOffset":false,"polygonOffsetFactor":0,"polygonOffsetUnits":0,"precision":null,"premultipliedAlpha":false,"refractionRatio":0.98,"roughnessMap":null,"shadowSide":null,"side":0,"skinning":false,"transparent":false,"type":"MeshPhongMaterial","userData":{},"uuid":"42465D37-07DF-4E6C-B98E-5867D67AD160","vertexColors":0,"visible":true,"wireframe":false,"wireframeLinecap":"round","wireframeLinejoin":"round","wireframeLinewidth":1,"specular":8421504,"shininess":null}},{"_id":"5d7b964dc8b49a0cf8861f92","metadata":{"generator":"GroupSerializer","type":"Object","version":"0.0.1"},"castShadow":false,"children":["0C083CA2-C859-4B74-ACDA-478086D12237","D4A618BD-A36A-4BEB-AB12-47409A8AC9E6","26F77520-31AE-498C-92BA-A8A539B579B4","8684FF14-7EB9-4B92-870D-FD0502C82D96","6A18B93F-B354-45AD-A046-388258A7AF83"],"frustumCulled":true,"layers":{"mask":1},"matrix":{"elements":[1,0,0,0,0,1,0,0,0,0,1,0,0,0,0,1]},"matrixAutoUpdate":true,"matrixWorld":{"elements":[1,0,0,0,0,1,0,0,0,0,1,0,0,0,0,1]},"matrixWorldNeedsUpdate":false,"modelViewMatrix":{"elements":[1,0,0,0,0,1,0,0,0,0,1,0,0,0,0,1]},"name":"Boxes","normalMatrix":{"elements":[1,0,0,0,1,0,0,0,1]},"parent":"17CB8E83-8104-44E6-AB1A-0F30D2C8DABF","position":{"x":0,"y":0,"z":0},"quaternion":{"x":0,"y":0,"z":0,"w":1},"receiveShadow":false,"renderOrder":0,"rotation":{"x":0,"y":0,"z":0,"order":"XYZ"},"scale":{"x":1,"y":1,"z":1},"type":"Group","up":{"x":0,"y":1,"z":0},"userData":{},"uuid":"1368A6B8-B47E-49C0-BBD6-9A052DD7FF53","visible":true,"isObject3D":true},{"_id":"5d7b964dc8b49a0cf8861f93","metadata":{"generator":"MeshSerializer","type":"Object","version":"0.0.1"},"castShadow":true,"children":[],"frustumCulled":true,"layers":{"mask":1},"matrix":{"elements":[1,0,0,0,0,1,0,0,0,0,1,0,-5,0.5,-10,1]},"matrixAutoUpdate":true,"matrixWorld":{"elements":[1,0,0,0,0,1,0,0,0,0,1,0,-5,0.5,-10,1]},"matrixWorldNeedsUpdate":false,"modelViewMatrix":{"elements":[0.99999920312577084,-0.00058099186751326044,0.0011208016207738015,0,1.0842021724855044E-19,0.88780778306583619,0.46021445036822228,0,-0.0012624372551718072,-0.4602140836351869,0.88780707559469352,0,-4.628267626920251,3.71815245087625,-19.215450367010369,0.99999999999999989]},"name":"Linear","normalMatrix":{"elements":[0.999999203125771,-0.00058099186751326066,0.0011208016207738018,0,0.88780778306583641,0.46021445036822239,-0.001262437255171807,-0.460214083635187,0.88780707559469363]},"parent":"1368A6B8-B47E-49C0-BBD6-9A052DD7FF53","position":{"x":-5,"y":0.5,"z":-10},"quaternion":{"x":0,"y":0,"z":0,"w":1},"receiveShadow":true,"renderOrder":0,"rotation":{"x":0,"y":0,"z":0,"order":"XYZ"},"scale":{"x":1,"y":1,"z":1},"type":"Mesh","up":{"x":0,"y":1,"z":0},"userData":{"physics":{"enabled":false,"type":"rigidBody","shape":"btBoxShape","mass":1,"inertia":{"x":0,"y":0,"z":0}}},"uuid":"0C083CA2-C859-4B74-ACDA-478086D12237","visible":true,"isObject3D":true,"drawMode":0,"geometry":{"metadata":{"generator":"BoxBufferGeometrySerializer","type":"Object","version":"0.0.1"},"boundingBox":null,"boundingSphere":{"center":{"x":0,"y":0,"z":0},"radius":0.8660254037844386},"drawRange":{"start":0,"count":null},"groups":[{"start":0,"count":6,"materialIndex":0},{"start":6,"count":6,"materialIndex":1},{"start":12,"count":6,"materialIndex":2},{"start":18,"count":6,"materialIndex":3},{"start":24,"count":6,"materialIndex":4},{"start":30,"count":6,"materialIndex":5}],"morphAttributes":{},"name":"","parameters":{"width":1,"height":1,"depth":1},"type":"BoxBufferGeometry","userData":{},"uuid":"7851B2A1-BF7E-4C19-908B-5A50326198D0"},"material":{"metadata":{"generator":"MeshPhongMaterialSerializer","type":"Object","version":"0.0.1"},"alphaMap":null,"alphaTest":0,"aoMap":null,"aoMapIntensity":1,"blendDst":205,"blendDstAlpha":null,"blendEquation":100,"blendEquationAlpha":null,"blendSrc":204,"blendSrcAlpha":null,"blending":1,"bumpMap":null,"bumpScale":1,"clipIntersection":false,"clippingPlanes":null,"color":16777215,"colorWrite":true,"depthFunc":3,"depthTest":true,"depthWrite":true,"displacementBias":0,"displacementMap":null,"displacementScale":1,"dithering":false,"emissive":0,"emissiveIntensity":1,"emissiveMap":null,"envMap":null,"flatShading":false,"fog":true,"lightMap":null,"lightMapIntensity":1,"lights":true,"map":{"metadata":{"generator":"TextureSerializer","type":"Object","version":"0.0.1"},"anisotropy":1,"center":{"x":0,"y":0},"encoding":3000,"flipY":true,"format":1023,"generateMipmaps":true,"image":{"tagName":"img","src":"/Upload/Texture/20190913200320/crate.gif","width":256,"height":256},"magFilter":1006,"mapping":300,"matrix":{"elements":[1,0,0,0,1,0,0,0,1]},"matrixAutoUpdate":true,"minFilter":1008,"mipmaps":[],"name":"","offset":{"x":0,"y":0},"premultiplyAlpha":false,"repeat":{"x":1,"y":1},"rotation":0,"type":1009,"unpackAlignment":4,"uuid":"DDAF9747-F780-4F65-8345-A2C0DF839155","version":4,"wrapS":1001,"wrapT":1001,"isTexture":true},"metalnessMap":null,"morphNormals":false,"morphTargets":false,"name":"","normalMap":null,"normalScale":{"x":1,"y":1},"opacity":1,"polygonOffset":false,"polygonOffsetFactor":0,"polygonOffsetUnits":0,"precision":null,"premultipliedAlpha":false,"refractionRatio":0.98,"roughnessMap":null,"shadowSide":null,"side":0,"skinning":false,"transparent":false,"type":"MeshPhongMaterial","userData":{},"uuid":"81654080-B815-4851-8BB7-3734593F76C9","vertexColors":0,"visible":true,"wireframe":false,"wireframeLinecap":"round","wireframeLinejoin":"round","wireframeLinewidth":1,"specular":16777215,"shininess":null}},{"_id":"5d7b964dc8b49a0cf8861f94","metadata":{"generator":"MeshSerializer","type":"Object","version":"0.0.1"},"castShadow":true,"children":[],"frustumCulled":true,"layers":{"mask":1},"matrix":{"elements":[1,0,0,0,0,1,0,0,0,0,1,0,-5,0.5,-8,1]},"matrixAutoUpdate":true,"matrixWorld":{"elements":[1,0,0,0,0,1,0,0,0,0,1,0,-5,0.5,-8,1]},"matrixWorldNeedsUpdate":false,"modelViewMatrix":{"elements":[0.99999920312577084,-0.00058099186751326044,0.0011208016207738015,0,1.0842021724855044E-19,0.88780778306583619,0.46021445036822228,0,-0.0012624372551718072,-0.4602140836351869,0.88780707559469352,0,-4.6307925014305944,2.7977242836058762,-17.439836215820986,0.99999999999999989]},"name":"Quad In","normalMatrix":{"elements":[0.999999203125771,-0.00058099186751326066,0.0011208016207738018,0,0.88780778306583641,0.46021445036822239,-0.001262437255171807,-0.460214083635187,0.88780707559469363]},"parent":"1368A6B8-B47E-49C0-BBD6-9A052DD7FF53","position":{"x":-5,"y":0.5,"z":-8},"quaternion":{"x":0,"y":0,"z":0,"w":1},"receiveShadow":true,"renderOrder":0,"rotation":{"x":0,"y":0,"z":0,"order":"XYZ"},"scale":{"x":1,"y":1,"z":1},"type":"Mesh","up":{"x":0,"y":1,"z":0},"userData":{"physics":{"enabled":false,"type":"rigidBody","shape":"btBoxShape","mass":1,"inertia":{"x":0,"y":0,"z":0}}},"uuid":"D4A618BD-A36A-4BEB-AB12-47409A8AC9E6","visible":true,"isObject3D":true,"drawMode":0,"geometry":{"metadata":{"generator":"BoxBufferGeometrySerializer","type":"Object","version":"0.0.1"},"boundingBox":null,"boundingSphere":{"center":{"x":0,"y":0,"z":0},"radius":0.8660254037844386},"drawRange":{"start":0,"count":null},"groups":[{"start":0,"count":6,"materialIndex":0},{"start":6,"count":6,"materialIndex":1},{"start":12,"count":6,"materialIndex":2},{"start":18,"count":6,"materialIndex":3},{"start":24,"count":6,"materialIndex":4},{"start":30,"count":6,"materialIndex":5}],"morphAttributes":{},"name":"","parameters":{"width":1,"height":1,"depth":1},"type":"BoxBufferGeometry","userData":{},"uuid":"A3F48950-9AFA-46B9-ACB6-9EFF8AE5BC83"},"material":{"metadata":{"generator":"MeshPhongMaterialSerializer","type":"Object","version":"0.0.1"},"alphaMap":null,"alphaTest":0,"aoMap":null,"aoMapIntensity":1,"blendDst":205,"blendDstAlpha":null,"blendEquation":100,"blendEquationAlpha":null,"blendSrc":204,"blendSrcAlpha":null,"blending":1,"bumpMap":null,"bumpScale":1,"clipIntersection":false,"clippingPlanes":null,"color":16777215,"colorWrite":true,"depthFunc":3,"depthTest":true,"depthWrite":true,"displacementBias":0,"displacementMap":null,"displacementScale":1,"dithering":false,"emissive":0,"emissiveIntensity":1,"emissiveMap":null,"envMap":null,"flatShading":false,"fog":true,"lightMap":null,"lightMapIntensity":1,"lights":true,"map":{"metadata":{"generator":"TextureSerializer","type":"Object","version":"0.0.1"},"anisotropy":1,"center":{"x":0,"y":0},"encoding":3000,"flipY":true,"format":1023,"generateMipmaps":true,"image":{"tagName":"img","src":"/Upload/Texture/20190913200320/crate.gif","width":256,"height":256},"magFilter":1006,"mapping":300,"matrix":{"elements":[1,0,0,0,1,0,0,0,1]},"matrixAutoUpdate":true,"minFilter":1008,"mipmaps":[],"name":"","offset":{"x":0,"y":0},"premultiplyAlpha":false,"repeat":{"x":1,"y":1},"rotation":0,"type":1009,"unpackAlignment":4,"uuid":"72F9792C-D743-4C95-9087-9631B294AFFD","version":4,"wrapS":1001,"wrapT":1001,"isTexture":true},"metalnessMap":null,"morphNormals":false,"morphTargets":false,"name":"","normalMap":null,"normalScale":{"x":1,"y":1},"opacity":1,"polygonOffset":false,"polygonOffsetFactor":0,"polygonOffsetUnits":0,"precision":null,"premultipliedAlpha":false,"refractionRatio":0.98,"roughnessMap":null,"shadowSide":null,"side":0,"skinning":false,"transparent":false,"type":"MeshPhongMaterial","userData":{},"uuid":"78F539EE-F829-4DCF-A1BF-BCB05D4138D0","vertexColors":0,"visible":true,"wireframe":false,"wireframeLinecap":"round","wireframeLinejoin":"round","wireframeLinewidth":1,"specular":16777215,"shininess":null}},{"_id":"5d7b964dc8b49a0cf8861f95","metadata":{"generator":"MeshSerializer","type":"Object","version":"0.0.1"},"castShadow":true,"children":[],"frustumCulled":true,"layers":{"mask":1},"matrix":{"elements":[1,0,0,0,0,1,0,0,0,0,1,0,-5,0.5,-6,1]},"matrixAutoUpdate":true,"matrixWorld":{"elements":[1,0,0,0,0,1,0,0,0,0,1,0,-5,0.5,-6,1]},"matrixWorldNeedsUpdate":false,"modelViewMatrix":{"elements":[0.99999920312577084,-0.00058099186751326044,0.0011208016207738015,0,1.0842021724855044E-19,0.88780778306583619,0.46021445036822228,0,-0.0012624372551718072,-0.4602140836351869,0.88780707559469352,0,-4.6333173759409378,1.8772961163355024,-15.664222064631598,0.99999999999999989]},"name":"Quad Out","normalMatrix":{"elements":[0.999999203125771,-0.00058099186751326066,0.0011208016207738018,0,0.88780778306583641,0.46021445036822239,-0.001262437255171807,-0.460214083635187,0.88780707559469363]},"parent":"1368A6B8-B47E-49C0-BBD6-9A052DD7FF53","position":{"x":-5,"y":0.5,"z":-6},"quaternion":{"x":0,"y":0,"z":0,"w":1},"receiveShadow":true,"renderOrder":0,"rotation":{"x":0,"y":0,"z":0,"order":"XYZ"},"scale":{"x":1,"y":1,"z":1},"type":"Mesh","up":{"x":0,"y":1,"z":0},"userData":{"physics":{"enabled":false,"type":"rigidBody","shape":"btBoxShape","mass":1,"inertia":{"x":0,"y":0,"z":0}}},"uuid":"26F77520-31AE-498C-92BA-A8A539B579B4","visible":true,"isObject3D":true,"drawMode":0,"geometry":{"metadata":{"generator":"BoxBufferGeometrySerializer","type":"Object","version":"0.0.1"},"boundingBox":null,"boundingSphere":{"center":{"x":0,"y":0,"z":0},"radius":0.8660254037844386},"drawRange":{"start":0,"count":null},"groups":[{"start":0,"count":6,"materialIndex":0},{"start":6,"count":6,"materialIndex":1},{"start":12,"count":6,"materialIndex":2},{"start":18,"count":6,"materialIndex":3},{"start":24,"count":6,"materialIndex":4},{"start":30,"count":6,"materialIndex":5}],"morphAttributes":{},"name":"","parameters":{"width":1,"height":1,"depth":1},"type":"BoxBufferGeometry","userData":{},"uuid":"0C5A0EA0-8139-4286-8D04-074121B5D857"},"material":{"metadata":{"generator":"MeshPhongMaterialSerializer","type":"Object","version":"0.0.1"},"alphaMap":null,"alphaTest":0,"aoMap":null,"aoMapIntensity":1,"blendDst":205,"blendDstAlpha":null,"blendEquation":100,"blendEquationAlpha":null,"blendSrc":204,"blendSrcAlpha":null,"blending":1,"bumpMap":null,"bumpScale":1,"clipIntersection":false,"clippingPlanes":null,"color":16777215,"colorWrite":true,"depthFunc":3,"depthTest":true,"depthWrite":true,"displacementBias":0,"displacementMap":null,"displacementScale":1,"dithering":false,"emissive":0,"emissiveIntensity":1,"emissiveMap":null,"envMap":null,"flatShading":false,"fog":true,"lightMap":null,"lightMapIntensity":1,"lights":true,"map":{"metadata":{"generator":"TextureSerializer","type":"Object","version":"0.0.1"},"anisotropy":1,"center":{"x":0,"y":0},"encoding":3000,"flipY":true,"format":1023,"generateMipmaps":true,"image":{"tagName":"img","src":"/Upload/Texture/20190913200320/crate.gif","width":256,"height":256},"magFilter":1006,"mapping":300,"matrix":{"elements":[1,0,0,0,1,0,0,0,1]},"matrixAutoUpdate":true,"minFilter":1008,"mipmaps":[],"name":"","offset":{"x":0,"y":0},"premultiplyAlpha":false,"repeat":{"x":1,"y":1},"rotation":0,"type":1009,"unpackAlignment":4,"uuid":"15440DC7-C1E7-42DB-95B7-2578B39C4A5F","version":4,"wrapS":1001,"wrapT":1001,"isTexture":true},"metalnessMap":null,"morphNormals":false,"morphTargets":false,"name":"","normalMap":null,"normalScale":{"x":1,"y":1},"opacity":1,"polygonOffset":false,"polygonOffsetFactor":0,"polygonOffsetUnits":0,"precision":null,"premultipliedAlpha":false,"refractionRatio":0.98,"roughnessMap":null,"shadowSide":null,"side":0,"skinning":false,"transparent":false,"type":"MeshPhongMaterial","userData":{},"uuid":"AAAA20CC-4D36-4104-B804-B0F41F354A7F","vertexColors":0,"visible":true,"wireframe":false,"wireframeLinecap":"round","wireframeLinejoin":"round","wireframeLinewidth":1,"specular":16777215,"shininess":null}},{"_id":"5d7b964dc8b49a0cf8861f96","metadata":{"generator":"MeshSerializer","type":"Object","version":"0.0.1"},"castShadow":true,"children":[],"frustumCulled":true,"layers":{"mask":1},"matrix":{"elements":[1,0,0,0,0,1,0,0,0,0,1,0,-5,0.5,-4,1]},"matrixAutoUpdate":true,"matrixWorld":{"elements":[1,0,0,0,0,1,0,0,0,0,1,0,-5,0.5,-4,1]},"matrixWorldNeedsUpdate":false,"modelViewMatrix":{"elements":[0.99999920312577084,-0.00058099186751326044,0.0011208016207738015,0,1.0842021724855044E-19,0.88780778306583619,0.46021445036822228,0,-0.0012624372551718072,-0.4602140836351869,0.88780707559469352,0,-4.6358422504512822,0.95686794906512862,-13.888607913442211,0.99999999999999989]},"name":"Quad In Out","normalMatrix":{"elements":[0.999999203125771,-0.00058099186751326066,0.0011208016207738018,0,0.88780778306583641,0.46021445036822239,-0.001262437255171807,-0.460214083635187,0.88780707559469363]},"parent":"1368A6B8-B47E-49C0-BBD6-9A052DD7FF53","position":{"x":-5,"y":0.5,"z":-4},"quaternion":{"x":0,"y":0,"z":0,"w":1},"receiveShadow":true,"renderOrder":0,"rotation":{"x":0,"y":0,"z":0,"order":"XYZ"},"scale":{"x":1,"y":1,"z":1},"type":"Mesh","up":{"x":0,"y":1,"z":0},"userData":{"physics":{"enabled":false,"type":"rigidBody","shape":"btBoxShape","mass":1,"inertia":{"x":0,"y":0,"z":0}}},"uuid":"8684FF14-7EB9-4B92-870D-FD0502C82D96","visible":true,"isObject3D":true,"drawMode":0,"geometry":{"metadata":{"generator":"BoxBufferGeometrySerializer","type":"Object","version":"0.0.1"},"boundingBox":null,"boundingSphere":{"center":{"x":0,"y":0,"z":0},"radius":0.8660254037844386},"drawRange":{"start":0,"count":null},"groups":[{"start":0,"count":6,"materialIndex":0},{"start":6,"count":6,"materialIndex":1},{"start":12,"count":6,"materialIndex":2},{"start":18,"count":6,"materialIndex":3},{"start":24,"count":6,"materialIndex":4},{"start":30,"count":6,"materialIndex":5}],"morphAttributes":{},"name":"","parameters":{"width":1,"height":1,"depth":1},"type":"BoxBufferGeometry","userData":{},"uuid":"D38A0B78-80A3-440C-A2E5-9FA501137329"},"material":{"metadata":{"generator":"MeshPhongMaterialSerializer","type":"Object","version":"0.0.1"},"alphaMap":null,"alphaTest":0,"aoMap":null,"aoMapIntensity":1,"blendDst":205,"blendDstAlpha":null,"blendEquation":100,"blendEquationAlpha":null,"blendSrc":204,"blendSrcAlpha":null,"blending":1,"bumpMap":null,"bumpScale":1,"clipIntersection":false,"clippingPlanes":null,"color":16777215,"colorWrite":true,"depthFunc":3,"depthTest":true,"depthWrite":true,"displacementBias":0,"displacementMap":null,"displacementScale":1,"dithering":false,"emissive":0,"emissiveIntensity":1,"emissiveMap":null,"envMap":null,"flatShading":false,"fog":true,"lightMap":null,"lightMapIntensity":1,"lights":true,"map":{"metadata":{"generator":"TextureSerializer","type":"Object","version":"0.0.1"},"anisotropy":1,"center":{"x":0,"y":0},"encoding":3000,"flipY":true,"format":1023,"generateMipmaps":true,"image":{"tagName":"img","src":"/Upload/Texture/20190913200320/crate.gif","width":256,"height":256},"magFilter":1006,"mapping":300,"matrix":{"elements":[1,0,0,0,1,0,0,0,1]},"matrixAutoUpdate":true,"minFilter":1008,"mipmaps":[],"name":"","offset":{"x":0,"y":0},"premultiplyAlpha":false,"repeat":{"x":1,"y":1},"rotation":0,"type":1009,"unpackAlignment":4,"uuid":"511D9B8F-338B-4A49-AA6D-AE73A189A9EB","version":4,"wrapS":1001,"wrapT":1001,"isTexture":true},"metalnessMap":null,"morphNormals":false,"morphTargets":false,"name":"","normalMap":null,"normalScale":{"x":1,"y":1},"opacity":1,"polygonOffset":false,"polygonOffsetFactor":0,"polygonOffsetUnits":0,"precision":null,"premultipliedAlpha":false,"refractionRatio":0.98,"roughnessMap":null,"shadowSide":null,"side":0,"skinning":false,"transparent":false,"type":"MeshPhongMaterial","userData":{},"uuid":"59683726-E344-4D5E-B9D1-4DA5814A0DBA","vertexColors":0,"visible":true,"wireframe":false,"wireframeLinecap":"round","wireframeLinejoin":"round","wireframeLinewidth":1,"specular":16777215,"shininess":null}},{"_id":"5d7b964dc8b49a0cf8861f97","metadata":{"generator":"MeshSerializer","type":"Object","version":"0.0.1"},"castShadow":true,"children":[],"frustumCulled":true,"layers":{"mask":1},"matrix":{"elements":[1,0,0,0,0,1,0,0,0,0,1,0,-5,0.5,-2,1]},"matrixAutoUpdate":true,"matrixWorld":{"elements":[1,0,0,0,0,1,0,0,0,0,1,0,-5,0.5,-2,1]},"matrixWorldNeedsUpdate":false,"modelViewMatrix":{"elements":[0.99999920312577084,-0.00058099186751326044,0.0011208016207738015,0,1.0842021724855044E-19,0.88780778306583619,0.46021445036822228,0,-0.0012624372551718072,-0.4602140836351869,0.88780707559469352,0,-4.6383671249616256,0.036439781794755044,-12.112993762252824,0.99999999999999989]},"name":"Cubic In","normalMatrix":{"elements":[0.999999203125771,-0.00058099186751326066,0.0011208016207738018,0,0.88780778306583641,0.46021445036822239,-0.001262437255171807,-0.460214083635187,0.88780707559469363]},"parent":"1368A6B8-B47E-49C0-BBD6-9A052DD7FF53","position":{"x":-5,"y":0.5,"z":-2},"quaternion":{"x":0,"y":0,"z":0,"w":1},"receiveShadow":true,"renderOrder":0,"rotation":{"x":0,"y":0,"z":0,"order":"XYZ"},"scale":{"x":1,"y":1,"z":1},"type":"Mesh","up":{"x":0,"y":1,"z":0},"userData":{"physics":{"enabled":false,"type":"rigidBody","shape":"btBoxShape","mass":1,"inertia":{"x":0,"y":0,"z":0}}},"uuid":"6A18B93F-B354-45AD-A046-388258A7AF83","visible":true,"isObject3D":true,"drawMode":0,"geometry":{"metadata":{"generator":"BoxBufferGeometrySerializer","type":"Object","version":"0.0.1"},"boundingBox":null,"boundingSphere":{"center":{"x":0,"y":0,"z":0},"radius":0.8660254037844386},"drawRange":{"start":0,"count":null},"groups":[{"start":0,"count":6,"materialIndex":0},{"start":6,"count":6,"materialIndex":1},{"start":12,"count":6,"materialIndex":2},{"start":18,"count":6,"materialIndex":3},{"start":24,"count":6,"materialIndex":4},{"start":30,"count":6,"materialIndex":5}],"morphAttributes":{},"name":"","parameters":{"width":1,"height":1,"depth":1},"type":"BoxBufferGeometry","userData":{},"uuid":"CC0B35E3-9F08-4216-9047-3FACE1A69FCB"},"material":{"metadata":{"generator":"MeshPhongMaterialSerializer","type":"Object","version":"0.0.1"},"alphaMap":null,"alphaTest":0,"aoMap":null,"aoMapIntensity":1,"blendDst":205,"blendDstAlpha":null,"blendEquation":100,"blendEquationAlpha":null,"blendSrc":204,"blendSrcAlpha":null,"blending":1,"bumpMap":null,"bumpScale":1,"clipIntersection":false,"clippingPlanes":null,"color":16777215,"colorWrite":true,"depthFunc":3,"depthTest":true,"depthWrite":true,"displacementBias":0,"displacementMap":null,"displacementScale":1,"dithering":false,"emissive":0,"emissiveIntensity":1,"emissiveMap":null,"envMap":null,"flatShading":false,"fog":true,"lightMap":null,"lightMapIntensity":1,"lights":true,"map":{"metadata":{"generator":"TextureSerializer","type":"Object","version":"0.0.1"},"anisotropy":1,"center":{"x":0,"y":0},"encoding":3000,"flipY":true,"format":1023,"generateMipmaps":true,"image":{"tagName":"img","src":"/Upload/Texture/20190913200320/crate.gif","width":256,"height":256},"magFilter":1006,"mapping":300,"matrix":{"elements":[1,0,0,0,1,0,0,0,1]},"matrixAutoUpdate":true,"minFilter":1008,"mipmaps":[],"name":"","offset":{"x":0,"y":0},"premultiplyAlpha":false,"repeat":{"x