{"Code":200,"Msg":"Get Successfully!","Data":[{"_id":"5d7b0bfcc8b49a1a38e73713","metadata":{"generator":"OptionsSerializer","type":"Object","version":"0.0.1"},"server":"http://localhost:2000","sceneType":"Empty","shadowMapType":2,"gammaInput":false,"gammaOutput":false,"gammaFactor":2,"hueRotate":0,"saturate":1,"brightness":1,"blur":0,"contrast":1,"grayscale":0,"invert":0,"sepia":0},{"_id":"5d7b0bfcc8b49a1a38e73714","metadata":{"generator":"PerspectiveCameraSerializer","type":"Object","version":"0.0.1"},"castShadow":false,"children":["3164070A-6542-4182-B700-D2B3E9345A45"],"frustumCulled":true,"layers":{"mask":1},"matrix":{"elements":[0.9998814506243926,-2.1684043449710089E-19,-0.015397554911752426,0,-0.0026783667325512633,0.98475492119987162,-0.17392691431828627,0,0.015162817973793456,0.1739475356900308,0.98463817911883711,0,10.614183498089478,4.2928732201259363,6.2086817148897726,1]},"matrixAutoUpdate":true,"matrixWorld":{"elements":[0.9998814506243926,-2.1684043449710089E-19,-0.015397554911752426,0,-0.0026783667325512633,0.98475492119987162,-0.17392691431828627,0,0.015162817973793456,0.1739475356900308,0.98463817911883711,0,10.614183498089478,4.2928732201259363,6.2086817148897726,1]},"matrixWorldNeedsUpdate":false,"modelViewMatrix":{"elements":[1,0,0,0,0,1,0,0,0,0,1,0,0,0,0,1]},"name":"DefaultCamera","normalMatrix":{"elements":[1,0,0,0,1,0,0,0,1]},"parent":null,"position":{"x":10.614183498089478,"y":4.2928732201259363,"z":6.2086817148897726},"quaternion":{"x":-0.087304567901232713,"y":0.0076696065192753968,"z":0.00067217828231085682,"w":0.99615191498876077},"receiveShadow":false,"renderOrder":0,"rotation":{"x":-0.17485721878623822,"y":0.015163399050477764,"z":0.0026786778820967359,"order":"XYZ"},"scale":{"x":1,"y":1,"z":1},"type":"PerspectiveCamera","up":{"x":0,"y":1,"z":0},"userData":{"isDefault":true,"control":"OrbitControls"},"uuid":"18C52E48-12DE-460A-9643-6FC97B3EA0FD","visible":true,"isObject3D":true,"matrixWorldInverse":{"elements":[0.99988145062439249,-0.0026783667325512642,0.015162817973793456,0,0,0.98475492119987174,0.17394753569003077,0,-0.015397554911752424,-0.1739269143182863,0.98463817911883711,0,-10.517326675628588,-3.1191425009765341,-7.0209807084700913,1.0000000000000002]},"projectionMatrix":{"elements":[1.1615432125569514,0,0,0,0,2.1445069205095586,0,0,0,0,-1.0000200002000021,-1,0,0,-0.20000200002000021,0]},"aspect":1.8462566844919786,"far":10000,"filmGauge":35,"filmOffset":0,"focus":10,"fov":50,"near":0.1,"view":null,"zoom":1},{"_id":"5d7b0bfcc8b49a1a38e73715","metadata":{"generator":"WebGLRendererSerializer","type":"Object","version":"0.0.1"},"antialias":true,"autoClear":false,"autoClearColor":true,"autoClearDepth":true,"autoClearStencil":true,"autoUpdateScene":false,"clippingPlanes":[],"gammaFactor":2,"gammaInput":false,"gammaOutput":false,"localClippingEnabled":false,"physicallyCorrectLights":false,"shadowMap":{"metadata":{"generator":"WebGLShadowMapSerializer","type":"Object","version":"0.0.1"},"autoUpdate":true,"enabled":true,"needsUpdate":false,"type":2},"sortObjects":true,"toneMapping":1,"toneMappingExposure":1,"toneMappingWhitePoint":1},{"_id":"5d7b0bfcc8b49a1a38e73716","metadata":{"generator":"AnimationSerializer","type":"Object","version":"0.0.1"},"id":null,"uuid":"9ED417F6-1EE6-4837-B371-C87BF8429630","layer":0,"layerName":"AnimLayer1","animations":[]},{"_id":"5d7b0bfcc8b49a1a38e73717","metadata":{"generator":"AnimationSerializer","type":"Object","version":"0.0.1"},"id":null,"uuid":"5FC566FB-CB4D-432D-B5CF-942DDB1A746E","layer":1,"layerName":"AnimLayer2","animations":[]},{"_id":"5d7b0bfcc8b49a1a38e73718","metadata":{"generator":"AnimationSerializer","type":"Object","version":"0.0.1"},"id":null,"uuid":"2EB32DD4-2CA7-4D2C-9200-FC91CF04C0D5","layer":2,"layerName":"AnimLayer3","animations":[]},{"_id":"5d7b0bfcc8b49a1a38e73719","metadata":{"generator":"AudioListenerSerializer","type":"Object","version":"0.0.1"},"castShadow":false,"children":[],"frustumCulled":true,"layers":{"mask":1},"matrix":{"elements":[1,0,0,0,0,1,0,0,0,0,1,0,0,0,0,1]},"matrixAutoUpdate":true,"matrixWorld":{"elements":[0.9998814506243926,-2.1684043449710089E-19,-0.015397554911752426,0,-0.0026783667325512633,0.98475492119987162,-0.17392691431828627,0,0.015162817973793456,0.1739475356900308,0.98463817911883711,0,10.614183498089478,4.2928732201259363,6.2086817148897726,1]},"matrixWorldNeedsUpdate":false,"modelViewMatrix":{"elements":[1,0,0,0,0,1,0,0,0,0,1,0,0,0,0,1]},"name":"AudioListener","normalMatrix":{"elements":[1,0,0,0,1,0,0,0,1]},"parent":"18C52E48-12DE-460A-9643-6FC97B3EA0FD","position":{"x":0,"y":0,"z":0},"quaternion":{"x":0,"y":0,"z":0,"w":1},"receiveShadow":false,"renderOrder":0,"rotation":{"x":0,"y":0,"z":0,"order":"XYZ"},"scale":{"x":1,"y":1,"z":1},"type":"AudioListener","up":{"x":0,"y":1,"z":0},"userData":{},"uuid":"3164070A-6542-4182-B700-D2B3E9345A45","visible":true,"isObject3D":true,"masterVolume":1},{"_id":"5d7b0bfcc8b49a1a38e7371a","metadata":{"generator":"VisualSerializer","type":"Object","version":"0.0.1"},"data":[]},{"_id":"5d7b0bfcc8b49a1a38e7371b","metadata":{"generator":"SceneSerializer","type":"Object","version":"0.0.1"},"castShadow":false,"children":["A3393796-7BB3-49FD-BDBB-C9F4A06BFDD9","DC04A543-63B7-442B-AAAF-F5BDF6ECF2ED","DEEC4885-DC8D-4298-9BAE-673093D5F862"],"frustumCulled":true,"layers":{"mask":1},"matrix":{"elements":[1,0,0,0,0,1,0,0,0,0,1,0,0,0,0,1]},"matrixAutoUpdate":true,"matrixWorld":{"elements":[1,0,0,0,0,1,0,0,0,0,1,0,0,0,0,1]},"matrixWorldNeedsUpdate":false,"modelViewMatrix":{"elements":[1,0,0,0,0,1,0,0,0,0,1,0,0,0,0,1]},"name":"Scene","normalMatrix":{"elements":[1,0,0,0,1,0,0,0,1]},"parent":null,"position":{"x":0,"y":0,"z":0},"quaternion":{"x":0,"y":0,"z":0,"w":1},"receiveShadow":false,"renderOrder":0,"rotation":{"x":0,"y":0,"z":0,"order":"XYZ"},"scale":{"x":1,"y":1,"z":1},"type":"Scene","up":{"x":0,"y":1,"z":0},"userData":{"children":[{"uuid":"A3393796-7BB3-49FD-BDBB-C9F4A06BFDD9","children":[]},{"uuid":"DC04A543-63B7-442B-AAAF-F5BDF6ECF2ED","children":[]},{"uuid":"DEEC4885-DC8D-4298-9BAE-673093D5F862","children":[{"uuid":"BE01DC8A-E452-49E2-9182-6A40A590DAF0","children":[]},{"uuid":"B26655F4-4A59-4E87-B2B6-A10A0AFC1788","children":[]}]}]},"uuid":"7E0F2751-C4A3-41E5-A35C-FEE68768F440","visible":true,"isObject3D":true,"background":11184810,"fog":null,"overrideMaterial":null},{"_id":"5d7b0bfcc8b49a1a38e7371c","metadata":{"generator":"AmbientLightSerializer","type":"Object","version":"0.0.1"},"children":[],"frustumCulled":true,"layers":{"mask":1},"matrix":{"elements":[1,0,0,0,0,1,0,0,0,0,1,0,0,0,0,1]},"matrixAutoUpdate":true,"matrixWorld":{"elements":[1,0,0,0,0,1,0,0,0,0,1,0,0,0,0,1]},"matrixWorldNeedsUpdate":false,"modelViewMatrix":{"elements":[1,0,0,0,0,1,0,0,0,0,1,0,0,0,0,1]},"name":"Ambient","normalMatrix":{"elements":[1,0,0,0,1,0,0,0,1]},"parent":"7E0F2751-C4A3-41E5-A35C-FEE68768F440","position":{"x":0,"y":0,"z":0},"quaternion":{"x":0,"y":0,"z":0,"w":1},"renderOrder":0,"rotation":{"x":0,"y":0,"z":0,"order":"XYZ"},"scale":{"x":1,"y":1,"z":1},"type":"AmbientLight","up":{"x":0,"y":1,"z":0},"userData":{},"uuid":"A3393796-7BB3-49FD-BDBB-C9F4A06BFDD9","visible":true,"isObject3D":true,"color":16777215,"intensity":0.24,"isLight":true,"shadow":null,"isAmbientLight":true},{"_id":"5d7b0bfcc8b49a1a38e7371d","metadata":{"generator":"DirectionalLightSerializer","type":"Object","version":"0.0.1"},"castShadow":true,"children":[],"frustumCulled":true,"layers":{"mask":1},"matrix":{"elements":[1,0,0,0,0,1,0,0,0,0,1,0,5,10,7.5,1]},"matrixAutoUpdate":true,"matrixWorld":{"elements":[1,0,0,0,0,1,0,0,0,0,1,0,5,10,7.5,1]},"matrixWorldNeedsUpdate":false,"modelViewMatrix":{"elements":[1,0,0,0,0,1,0,0,0,0,1,0,0,0,0,1]},"name":"Directional","normalMatrix":{"elements":[1,0,0,0,1,0,0,0,1]},"parent":"7E0F2751-C4A3-41E5-A35C-FEE68768F440","position":{"x":5,"y":10,"z":7.5},"quaternion":{"x":0,"y":0,"z":0,"w":1},"renderOrder":0,"rotation":{"x":0,"y":0,"z":0,"order":"XYZ"},"scale":{"x":1,"y":1,"z":1},"type":"DirectionalLight","up":{"x":0,"y":1,"z":0},"userData":{},"uuid":"DC04A543-63B7-442B-AAAF-F5BDF6ECF2ED","visible":true,"isObject3D":true,"color":16777215,"intensity":0.56,"isLight":true,"shadow":{"metadata":{"generator":"DirectionalLightShadowSerializer","type":"Object","version":"0.0.1"},"bias":0,"camera":{"metadata":{"generator":"OrthographicCameraSerializer","type":"Object","version":"0.0.1"},"castShadow":false,"children":[],"frustumCulled":true,"layers":{"mask":1},"matrix":{"elements":[0.83205029433784372,2.7755575615628914E-17,-0.554700196225229,0,-0.41202096209968375,0.66953406341198618,-0.61803144314952574,0,0.37139067635410372,0.74278135270820744,0.55708601453115558,0,5,10,7.5,1]},"matrixAutoUpdate":true,"matrixWorld":{"elements":[0.83205029433784372,2.7755575615628914E-17,-0.554700196225229,0,-0.41202096209968375,0.66953406341198618,-0.61803144314952574,0,0.37139067635410372,0.74278135270820744,0.55708601453115558,0,5,10,7.5,1]},"matrixWorldNeedsUpdate":false,"modelViewMatrix":{"elements":[1,0,0,0,0,1,0,0,0,0,1,0,0,0,0,1]},"name":"","normalMatrix":{"elements":[1,0,0,0,1,0,0,0,1]},"parent":null,"position":{"x":5,"y":10,"z":7.5},"quaternion":{"x":-0.38904698186552672,"y":0.26476298577359092,"z":0.1177939480420426,"w":0.87445273918619892},"receiveShadow":false,"renderOrder":0,"rotation":{"x":-0.92729521800161219,"y":0.3805063771123649,"z":0.45979025757734426,"order":"XYZ"},"scale":{"x":1,"y":1,"z":1},"type":"OrthographicCamera","up":{"x":0,"y":1,"z":0},"userData":{},"uuid":"C9AA5B37-D664-4B19-AC02-E058BD950A9E","visible":true,"isObject3D":true,"matrixWorldInverse":{"elements":[0.83205029433784372,-0.41202096209968375,0.37139067635410367,0,-5.5511151231257827E-17,0.66953406341198618,0.74278135270820744,0,-0.55470019622522915,-0.61803144314952574,0.55708601453115558,0,0,0,-13.46291201783626,1]},"projectionMatrix":{"elements":[0.05,0,0,0,0,0.05,0,0,0,0,-0.0040008001600320064,0,0,0,-1.0004000800160033,1]},"bottom":-20,"far":500,"left":-20,"near":0.1,"right":20,"top":20,"view":null,"zoom":1},"map":{"metadata":{"generator":"WebGLRenderTargetSerializer","type":"Object","version":"0.0.1"},"depthBuffer":true,"depthTexture":null,"height":2048,"scissor":{"x":0,"y":0,"z":2048,"w":2048},"scissorTest":false,"stencilBuffer":true,"texture":{"metadata":{"generator":"TextureSerializer","type":"Object","version":"0.0.1"},"anisotropy":1,"center":{"x":0,"y":0},"encoding":3000,"flipY":true,"format":1023,"generateMipmaps":false,"image":null,"magFilter":1003,"mapping":300,"matrix":{"elements":[1,0,0,0,1,0,0,0,1]},"matrixAutoUpdate":true,"minFilter":1003,"mipmaps":[],"name":"Directional.shadowMap","offset":{"x":0,"y":0},"premultiplyAlpha":false,"repeat":{"x":1,"y":1},"rotation":0,"type":1009,"unpackAlignment":4,"uuid":"C22DAC23-5FC9-42FE-A780-F7A9D8C320BB","version":0,"wrapS":1001,"wrapT":1001,"isTexture":true},"viewport":{"x":0,"y":0,"z":2048,"w":2048},"width":2048,"isWebGLRenderTarget":true},"mapSize":{"x":2048,"y":2048},"matrix":{"elements":[0.020801257358446096,-0.010300524052492094,-0.00074292993869594652,0,-1.3877787807814458E-18,0.016738351585299655,-0.0014858598773918933,0,-0.013867504905630729,-0.015450786078738144,-0.00111439490804392,0,0.5,0.5,0.0267311702697264,1]},"radius":0},"isDirectionalLight":true},{"_id":"5d7b0bfcc8b49a1a38e7371e","metadata":{"generator":"ServerObject","type":"Object","version":"0.0.1"},"castShadow":false,"children":["BE01DC8A-E452-49E2-9182-6A40A590DAF0","B26655F4-4A59-4E87-B2B6-A10A0AFC1788"],"frustumCulled":true,"layers":{"mask":1},"matrix":{"elements":[0.1,0,0,0,0,2.2204460492503132E-17,-0.1,0,0,0.1,2.2204460492503132E-17,0,0,0,0,1]},"matrixAutoUpdate":true,"matrixWorld":{"elements":[0.1,0,0,0,0,2.2204460492503132E-17,-0.1,0,0,0.1,2.2204460492503132E-17,0,0,0,0,1]},"matrixWorldNeedsUpdate":false,"modelViewMatrix":{"elements":[1,0,0,0,0,1,0,0,0,0,1,0,0,0,0,1]},"name":"benchy","normalMatrix":{"elements":[1,0,0,0,1,0,0,0,1]},"parent":"7E0F2751-C4A3-41E5-A35C-FEE68768F440","position":{"x":0,"y":0,"z":0},"quaternion":{"x":-0.70710678118654746,"y":0,"z":0,"w":0.70710678118654757},"receiveShadow":false,"renderOrder":0,"rotation":{"x":-1.5707963267948963,"y":0,"z":0,"order":"XYZ"},"scale":{"x":0.1,"y":0.1,"z":0.1},"type":"Group","up":{"x":0,"y":1,"z":0},"userData":{"_children":[{"uuid":"BE01DC8A-E452-49E2-9182-6A40A590DAF0","children":[]},{"uuid":"B26655F4-4A59-4E87-B2B6-A10A0AFC1788","children":[]}],"physics":{"enabled":false,"type":"rigidBody","shape":"btBoxShape","mass":1,"inertia":{"x":0,"y":0,"z":0}},"ID":"5d7b0bd8c8b49a1a38e73710","Name":"benchy","CategoryID":"","CategoryName":"","TotalPinYin":"benchy","FirstPinYin":"benchy","Type":"gcode","Url":"/Upload/Model/20190913112408/benchy.gcode","FileName":null,"FileSize":0,"FileType":null,"SaveName":null,"SavePath":null,"AddTime":"0001-01-01 00:00:00","Thumbnail":"","id":"5d7b0bd8c8b49a1a38e73710","src":null,"title":"benchy","icon":"model","cornerText":"gcode","Server":true,"children":[{"uuid":"BE01DC8A-E452-49E2-9182-6A40A590DAF0","children":[]},{"uuid":"B26655F4-4A59-4E87-B2B6-A10A0AFC1788","children":[]}]},"uuid":"DEEC4885-DC8D-4298-9BAE-673093D5F862","visible":true,"isObject3D":true},{"_id":"5d7b0bfcc8b49a1a38e7371f","metadata":{"generator":"Object3DSerializer","type":"Object","version":"0.0.1"},"castShadow":false,"children":[],"frustumCulled":true,"layers":{"mask":1},"matrix":{"elements":[1,0,0,0,0,1,0,0,0,0,1,0,0,0,0,1]},"matrixAutoUpdate":true,"matrixWorld":{"elements":[0.1,0,0,0,0,2.2204460492503132E-17,-0.1,0,0,0.1,2.2204460492503132E-17,0,0,0,0,1]},"matrixWorldNeedsUpdate":false,"modelViewMatrix":{"elements":[0.099988145062439249,-0.00026783667325512643,0.0015162817973793457,0,0.0015397554911752425,0.017392691431828651,-0.098463817911883716,0,-3.4189439971915425E-19,0.098475492119987185,0.017394753569003097,0,-10.517326675628588,-3.1191425009765341,-7.0209807084700913,1.0000000000000002]},"name":"layer122","normalMatrix":{"elements":[9.9988145062439262,-0.026783667325512628,0.15162817973793455,0.15397554911752426,1.7392691431828642,-9.8463817911883691,-3.0493186101154806E-17,9.8475492119987145,1.7394753569003096]},"parent":"DEEC4885-DC8D-4298-9BAE-673093D5F862","position":{"x":0,"y":0,"z":0},"quaternion":{"x":0,"y":0,"z":0,"w":1},"receiveShadow":false,"renderOrder":0,"rotation":{"x":0,"y":0,"z":0,"order":"XYZ"},"scale":{"x":1,"y":1,"z":1},"type":"LineSegments","up":{"x":0,"y":1,"z":0},"userData":{},"uuid":"BE01DC8A-E452-49E2-9182-6A40A590DAF0","visible":true,"isObject3D":true},{"_id":"5d7b0bfcc8b49a1a38e73720","metadata":{"generator":"Object3DSerializer","type":"Object","version":"0.0.1"},"castShadow":false,"children":[],"frustumCulled":true,"layers":{"mask":1},"matrix":{"elements":[1,0,0,0,0,1,0,0,0,0,1,0,0,0,0,1]},"matrixAutoUpdate":true,"matrixWorld":{"elements":[0.1,0,0,0,0,2.2204460492503132E-17,-0.1,0,0,0.1,2.2204460492503132E-17,0,0,0,0,1]},"matrixWorldNeedsUpdate":false,"modelViewMatrix":{"elements":[0.099988145062439249,-0.00026783667325512643,0.0015162817973793457,0,0.0015397554911752425,0.017392691431828651,-0.098463817911883716,0,-3.4189439971915425E-19,0.098475492119987185,0.017394753569003097,0,-10.517326675628588,-3.1191425009765341,-7.0209807084700913,1.0000000000000002]},"name":"layer122","normalMatrix":{"elements":[9.9988145062439262,-0.026783667325512628,0.15162817973793455,0.15397554911752426,1.7392691431828642,-9.8463817911883691,-3.0493186101154806E-17,9.8475492119987145,1.7394753569003096]},"parent":"DEEC4885-DC8D-4298-9BAE-673093D5F862","position":{"x":0,"y":0,"z":0},"quaternion":{"x":0,"y":0,"z":0,"w":1},"receiveShadow":false,"renderOrder":0,"rotation":{"x":0,"y":0,"z":0,"order":"XYZ"},"scale":{"x":1,"y":1,"z":1},"type":"LineSegments","up":{"x":0,"y":1,"z":0},"userData":{},"uuid":"B26655F4-4A59-4E87-B2B6-A10A0AFC1788","visible":true,"isObject3D":true}]}