{"Code":200,"Msg":"Get Successfully!","Data":[{"_id":"5d7b13f3c8b49a1a38e73899","metadata":{"generator":"OptionsSerializer","type":"Object","version":"0.0.1"},"server":"http://localhost:2000","sceneType":"Empty","shadowMapType":2,"gammaInput":false,"gammaOutput":false,"gammaFactor":2,"hueRotate":0,"saturate":1,"brightness":1,"blur":0,"contrast":1,"grayscale":0,"invert":0,"sepia":0},{"_id":"5d7b13f3c8b49a1a38e7389a","metadata":{"generator":"PerspectiveCameraSerializer","type":"Object","version":"0.0.1"},"castShadow":false,"children":["B7482C3F-7559-4DC0-834D-3F3EEF9B3209"],"frustumCulled":true,"layers":{"mask":1},"matrix":{"elements":[0.99979196467852149,-1.0842021724855044E-19,-0.020396748865002933,0,-0.0011179341865500017,0.99849683341674778,-0.054798028065633581,0,0.020366089153702072,0.054809430363099224,0.99828911080701266,0,0.81294472701288978,2.1878052810233459,39.848292057457968,1]},"matrixAutoUpdate":true,"matrixWorld":{"elements":[0.99979196467852149,-1.0842021724855044E-19,-0.020396748865002933,0,-0.0011179341865500017,0.99849683341674778,-0.054798028065633581,0,0.020366089153702072,0.054809430363099224,0.99828911080701266,0,0.81294472701288978,2.1878052810233459,39.848292057457968,1]},"matrixWorldNeedsUpdate":false,"modelViewMatrix":{"elements":[1,0,0,0,0,1,0,0,0,0,1,0,0,0,0,1]},"name":"DefaultCamera","normalMatrix":{"elements":[1,0,0,0,1,0,0,0,1]},"parent":null,"position":{"x":0.81294472701288978,"y":2.1878052810233459,"z":39.848292057457968},"quaternion":{"x":-0.027413593593147576,"y":0.010195071495747329,"z":0.0002796031756716109,"w":0.9995721470837261},"receiveShadow":false,"renderOrder":0,"rotation":{"x":-0.054848296973928248,"y":0.020367497316105349,"z":0.0011181663387275071,"order":"XYZ"},"scale":{"x":1,"y":1,"z":1},"type":"PerspectiveCamera","up":{"x":0,"y":1,"z":0},"userData":{"isDefault":true,"control":"OrbitControls"},"uuid":"5EF2A68A-4607-49CF-8441-FE87F600B533","visible":true,"isObject3D":true,"matrixWorldInverse":{"elements":[0.99979196467852149,-0.0011179341865500015,0.020366089153702072,0,4.3368086899420177E-19,0.99849683341674778,0.054809430363099224,0,-0.02039674886500293,-0.054798028065633581,0.99828911080701266,0,-3.2829641782861074E-16,-4.4408920985006262E-16,-39.916584911203508,1]},"projectionMatrix":{"elements":[1.1615432125569514,0,0,0,0,2.1445069205095586,0,0,0,0,-1.0000200002000021,-1,0,0,-0.20000200002000021,0]},"aspect":1.8462566844919786,"far":10000,"filmGauge":35,"filmOffset":0,"focus":10,"fov":50,"near":0.1,"view":null,"zoom":1},{"_id":"5d7b13f3c8b49a1a38e7389b","metadata":{"generator":"WebGLRendererSerializer","type":"Object","version":"0.0.1"},"antialias":true,"autoClear":false,"autoClearColor":true,"autoClearDepth":true,"autoClearStencil":true,"autoUpdateScene":false,"clippingPlanes":[],"gammaFactor":2,"gammaInput":false,"gammaOutput":false,"localClippingEnabled":false,"physicallyCorrectLights":false,"shadowMap":{"metadata":{"generator":"WebGLShadowMapSerializer","type":"Object","version":"0.0.1"},"autoUpdate":true,"enabled":true,"needsUpdate":false,"type":2},"sortObjects":true,"toneMapping":1,"toneMappingExposure":1,"toneMappingWhitePoint":1},{"_id":"5d7b13f3c8b49a1a38e7389c","metadata":{"generator":"AnimationSerializer","type":"Object","version":"0.0.1"},"id":null,"uuid":"0347D5F8-8168-42E5-9699-27F6BD08D54D","layer":0,"layerName":"AnimLayer1","animations":[]},{"_id":"5d7b13f3c8b49a1a38e7389d","metadata":{"generator":"AnimationSerializer","type":"Object","version":"0.0.1"},"id":null,"uuid":"57450B10-7372-4A64-A252-07257D352FFE","layer":1,"layerName":"AnimLayer2","animations":[]},{"_id":"5d7b13f3c8b49a1a38e7389e","metadata":{"generator":"AnimationSerializer","type":"Object","version":"0.0.1"},"id":null,"uuid":"965B2210-EC8C-4A98-A058-069887766644","layer":2,"layerName":"AnimLayer3","animations":[]},{"_id":"5d7b13f3c8b49a1a38e7389f","metadata":{"generator":"AudioListenerSerializer","type":"Object","version":"0.0.1"},"castShadow":false,"children":[],"frustumCulled":true,"layers":{"mask":1},"matrix":{"elements":[1,0,0,0,0,1,0,0,0,0,1,0,0,0,0,1]},"matrixAutoUpdate":true,"matrixWorld":{"elements":[0.99979196467852149,-1.0842021724855044E-19,-0.020396748865002933,0,-0.0011179341865500017,0.99849683341674778,-0.054798028065633581,0,0.020366089153702072,0.054809430363099224,0.99828911080701266,0,0.81294472701288978,2.1878052810233459,39.848292057457968,1]},"matrixWorldNeedsUpdate":false,"modelViewMatrix":{"elements":[1,0,0,0,0,1,0,0,0,0,1,0,0,0,0,1]},"name":"AudioListener","normalMatrix":{"elements":[1,0,0,0,1,0,0,0,1]},"parent":"5EF2A68A-4607-49CF-8441-FE87F600B533","position":{"x":0,"y":0,"z":0},"quaternion":{"x":0,"y":0,"z":0,"w":1},"receiveShadow":false,"renderOrder":0,"rotation":{"x":0,"y":0,"z":0,"order":"XYZ"},"scale":{"x":1,"y":1,"z":1},"type":"AudioListener","up":{"x":0,"y":1,"z":0},"userData":{},"uuid":"B7482C3F-7559-4DC0-834D-3F3EEF9B3209","visible":true,"isObject3D":true,"masterVolume":1},{"_id":"5d7b13f3c8b49a1a38e738a0","metadata":{"generator":"VisualSerializer","type":"Object","version":"0.0.1"},"data":[]},{"_id":"5d7b13f3c8b49a1a38e738a1","metadata":{"generator":"SceneSerializer","type":"Object","version":"0.0.1"},"castShadow":false,"children":["38450440-A2BA-4455-9529-EC9FCA1B932F","78C2E78C-773F-4118-B509-086F6C1AAE41","689075A5-2B45-430E-A446-F5B9FD3CC8C8"],"frustumCulled":true,"layers":{"mask":1},"matrix":{"elements":[1,0,0,0,0,1,0,0,0,0,1,0,0,0,0,1]},"matrixAutoUpdate":true,"matrixWorld":{"elements":[1,0,0,0,0,1,0,0,0,0,1,0,0,0,0,1]},"matrixWorldNeedsUpdate":false,"modelViewMatrix":{"elements":[1,0,0,0,0,1,0,0,0,0,1,0,0,0,0,1]},"name":"Scene","normalMatrix":{"elements":[1,0,0,0,1,0,0,0,1]},"parent":null,"position":{"x":0,"y":0,"z":0},"quaternion":{"x":0,"y":0,"z":0,"w":1},"receiveShadow":false,"renderOrder":0,"rotation":{"x":0,"y":0,"z":0,"order":"XYZ"},"scale":{"x":1,"y":1,"z":1},"type":"Scene","up":{"x":0,"y":1,"z":0},"userData":{"children":[{"uuid":"38450440-A2BA-4455-9529-EC9FCA1B932F","children":[]},{"uuid":"78C2E78C-773F-4118-B509-086F6C1AAE41","children":[]},{"uuid":"689075A5-2B45-430E-A446-F5B9FD3CC8C8","children":[]}]},"uuid":"F8F00F02-8365-43EE-84E3-8D0E03120AE2","visible":true,"isObject3D":true,"background":11184810,"fog":null,"overrideMaterial":null},{"_id":"5d7b13f3c8b49a1a38e738a2","metadata":{"generator":"AmbientLightSerializer","type":"Object","version":"0.0.1"},"children":[],"frustumCulled":true,"layers":{"mask":1},"matrix":{"elements":[1,0,0,0,0,1,0,0,0,0,1,0,0,0,0,1]},"matrixAutoUpdate":true,"matrixWorld":{"elements":[1,0,0,0,0,1,0,0,0,0,1,0,0,0,0,1]},"matrixWorldNeedsUpdate":false,"modelViewMatrix":{"elements":[1,0,0,0,0,1,0,0,0,0,1,0,0,0,0,1]},"name":"Ambient","normalMatrix":{"elements":[1,0,0,0,1,0,0,0,1]},"parent":"F8F00F02-8365-43EE-84E3-8D0E03120AE2","position":{"x":0,"y":0,"z":0},"quaternion":{"x":0,"y":0,"z":0,"w":1},"renderOrder":0,"rotation":{"x":0,"y":0,"z":0,"order":"XYZ"},"scale":{"x":1,"y":1,"z":1},"type":"AmbientLight","up":{"x":0,"y":1,"z":0},"userData":{},"uuid":"38450440-A2BA-4455-9529-EC9FCA1B932F","visible":true,"isObject3D":true,"color":16777215,"intensity":0.24,"isLight":true,"shadow":null,"isAmbientLight":true},{"_id":"5d7b13f3c8b49a1a38e738a3","metadata":{"generator":"DirectionalLightSerializer","type":"Object","version":"0.0.1"},"castShadow":true,"children":[],"frustumCulled":true,"layers":{"mask":1},"matrix":{"elements":[1,0,0,0,0,1,0,0,0,0,1,0,5,10,14.622659347084355,1]},"matrixAutoUpdate":true,"matrixWorld":{"elements":[1,0,0,0,0,1,0,0,0,0,1,0,5,10,14.622659347084355,1]},"matrixWorldNeedsUpdate":false,"modelViewMatrix":{"elements":[1,0,0,0,0,1,0,0,0,0,1,0,0,0,0,1]},"name":"Directional","normalMatrix":{"elements":[1,0,0,0,1,0,0,0,1]},"parent":"F8F00F02-8365-43EE-84E3-8D0E03120AE2","position":{"x":5,"y":10,"z":14.622659347084355},"quaternion":{"x":0,"y":0,"z":0,"w":1},"renderOrder":0,"rotation":{"x":0,"y":0,"z":0,"order":"XYZ"},"scale":{"x":1,"y":1,"z":1},"type":"DirectionalLight","up":{"x":0,"y":1,"z":0},"userData":{},"uuid":"78C2E78C-773F-4118-B509-086F6C1AAE41","visible":true,"isObject3D":true,"color":16777215,"intensity":0.56,"isLight":true,"shadow":{"metadata":{"generator":"DirectionalLightShadowSerializer","type":"Object","version":"0.0.1"},"bias":0,"camera":{"metadata":{"generator":"OrthographicCameraSerializer","type":"Object","version":"0.0.1"},"castShadow":false,"children":[],"frustumCulled":true,"layers":{"mask":1},"matrix":{"elements":[0.94621329498416762,2.7755575615628914E-17,-0.32354350618611488,0,-0.17577082052514359,0.83955936288716992,-0.51404736633933557,0,0.27163397991989574,0.54326795983979148,0.79440223109227759,0,5,10,14.622659347084355,1]},"matrixAutoUpdate":true,"matrixWorld":{"elements":[0.94621329498416762,2.7755575615628914E-17,-0.32354350618611488,0,-0.17577082052514359,0.83955936288716992,-0.51404736633933557,0,0.27163397991989574,0.54326795983979148,0.79440223109227759,0,5,10,14.622659347084355,1]},"matrixWorldNeedsUpdate":false,"modelViewMatrix":{"elements":[1,0,0,0,0,1,0,0,0,0,1,0,0,0,0,1]},"name":"","normalMatrix":{"elements":[1,0,0,0,1,0,0,0,1]},"parent":null,"position":{"x":5,"y":10,"z":14.622659347084355},"quaternion":{"x":-0.27939743243483828,"y":0.15727669631156796,"z":0.046447748118019667,"w":0.94606750406136664},"receiveShadow":false,"renderOrder":0,"rotation":{"x":-0.59981832416344827,"y":0.27509044243097586,"z":0.18366880317199874,"order":"XYZ"},"scale":{"x":1,"y":1,"z":1},"type":"OrthographicCamera","up":{"x":0,"y":1,"z":0},"userData":{},"uuid":"FB188990-27F1-42B4-B17E-7A1DB5334673","visible":true,"isObject3D":true,"matrixWorldInverse":{"elements":[0.94621329498416773,-0.17577082052514365,0.2716339799198958,0,0,0.83955936288717015,0.54326795983979159,0,-0.32354350618611494,-0.51404736633933568,0.79440223109227781,0,-8.8817841970012543E-16,-8.8817841970012543E-16,-18.407122707823554,1.0000000000000002]},"projectionMatrix":{"elements":[0.05,0,0,0,0,0.05,0,0,0,0,-0.0040008001600320064,0,0,0,-1.0004000800160033,1]},"bottom":-20,"far":500,"left":-20,"near":0.1,"right":20,"top":20,"view":null,"zoom":1},"map":{"metadata":{"generator":"WebGLRenderTargetSerializer","type":"Object","version":"0.0.1"},"depthBuffer":true,"depthTexture":null,"height":2048,"scissor":{"x":0,"y":0,"z":2048,"w":2048},"scissorTest":false,"stencilBuffer":true,"texture":{"metadata":{"generator":"TextureSerializer","type":"Object","version":"0.0.1"},"anisotropy":1,"center":{"x":0,"y":0},"encoding":3000,"flipY":true,"format":1023,"generateMipmaps":false,"image":null,"magFilter":1003,"mapping":300,"matrix":{"elements":[1,0,0,0,1,0,0,0,1]},"matrixAutoUpdate":true,"minFilter":1003,"mipmaps":[],"name":"Directional.shadowMap","offset":{"x":0,"y":0},"premultiplyAlpha":false,"repeat":{"x":1,"y":1},"rotation":0,"type":1009,"unpackAlignment":4,"uuid":"1A8C9616-B297-4A3F-93D2-3520B77AD844","version":0,"wrapS":1001,"wrapT":1001,"isTexture":true},"viewport":{"x":0,"y":0,"z":2048,"w":2048},"width":2048,"isWebGLRenderTarget":true},"mapSize":{"x":2048,"y":2048},"matrix":{"elements":[0.023655332374604196,-0.0043942705131285913,-0.000543376635166825,0,0,0.020988984072179254,-0.00108675327033365,0,-0.0080885876546528731,-0.012851184158483393,-0.0015891222866418839,0,0.50000000000000011,0.50000000000000011,0.036621569729592962,1.0000000000000002]},"radius":0},"isDirectionalLight":true},{"_id":"5d7b13f3c8b49a1a38e738a4","metadata":{"generator":"ServerObject","type":"Object","version":"0.0.1"},"castShadow":false,"children":[],"frustumCulled":true,"layers":{"mask":1},"matrix":{"elements":[5,0,0,0,0,5,0,0,0,0,5,0,0,0,0,1]},"matrixAutoUpdate":true,"matrixWorld":{"elements":[5,0,0,0,0,5,0,0,0,0,5,0,0,0,0,1]},"matrixWorldNeedsUpdate":false,"modelViewMatrix":{"elements":[4.9989598233926076,-0.0055896709327500071,0.10183044576851036,0,2.1684043449710089E-18,4.992484167083739,0.2740471518154961,0,-0.10198374432501464,-0.27399014032816793,4.9914455540350637,0,-3.2829641782861074E-16,-4.4408920985006262E-16,-39.916584911203508,1]},"name":"smooth-suzanne.le.prwm","normalMatrix":{"elements":[0.19995839293570428,-0.00022358683731000023,0.0040732178307404127,2.7755575615628908E-20,0.19969936668334951,0.010961886072619841,-0.0040793497730005849,-0.010959605613126713,0.19965782216140252]},"parent":"F8F00F02-8365-43EE-84E3-8D0E03120AE2","position":{"x":0,"y":0,"z":0},"quaternion":{"x":0,"y":0,"z":0,"w":1},"receiveShadow":false,"renderOrder":0,"rotation":{"x":0,"y":0,"z":0,"order":"XYZ"},"scale":{"x":5,"y":5,"z":5},"type":"Mesh","up":{"x":0,"y":1,"z":0},"userData":{"_children":[],"physics":{"enabled":false,"type":"rigidBody","shape":"btBoxShape","mass":1,"inertia":{"x":0,"y":0,"z":0}},"ID":"5d7b13c4c8b49a1a38e73896","Name":"smooth-suzanne.le.prwm","CategoryID":"","CategoryName":"","TotalPinYin":"smooth-suzanne.le.prwm","FirstPinYin":"smooth-suzanne.le.prwm","Type":"prwm","Url":"/Upload/Model/20190913115756/smooth-suzanne.le.prwm","FileName":null,"FileSize":0,"FileType":null,"SaveName":null,"SavePath":null,"AddTime":"0001-01-01 00:00:00","Thumbnail":"","id":"5d7b13c4c8b49a1a38e73896","src":null,"title":"smooth-suzanne.le.prwm","icon":"model","cornerText":"prwm","Server":true,"children":[]},"uuid":"689075A5-2B45-430E-A446-F5B9FD3CC8C8","visible":true,"isObject3D":true}]}