{"Code":200,"Msg":"Get Successfully!","Data":[{"_id":"5d7b10a1c8b49a1a38e73834","metadata":{"generator":"OptionsSerializer","type":"Object","version":"0.0.1"},"server":"http://localhost:2000","sceneType":"Empty","shadowMapType":2,"gammaInput":false,"gammaOutput":false,"gammaFactor":2,"hueRotate":0,"saturate":1,"brightness":1,"blur":0,"contrast":1,"grayscale":0,"invert":0,"sepia":0,"selected":"058EF684-78AF-4442-939A-9E8F4397BC6C"},{"_id":"5d7b10a1c8b49a1a38e73835","metadata":{"generator":"PerspectiveCameraSerializer","type":"Object","version":"0.0.1"},"castShadow":false,"children":["D12FF75B-AC4B-453B-A464-BD52A5774DBA"],"frustumCulled":true,"layers":{"mask":1},"matrix":{"elements":[-0.9999047054630219,0,0.013805071274973093,0,0.0026727519844142304,0.98107925799218532,0.19358808314132572,0,-0.013543869082979833,0.1936065327862235,-0.98098576649855618,0,-1.9634655409915307,3.0906372117347232,-11.081587416651235,1]},"matrixAutoUpdate":true,"matrixWorld":{"elements":[-0.9999047054630219,0,0.013805071274973093,0,0.0026727519844142304,0.98107925799218532,0.19358808314132572,0,-0.013543869082979833,0.1936065327862235,-0.98098576649855618,0,-1.9634655409915307,3.0906372117347232,-11.081587416651235,1]},"matrixWorldNeedsUpdate":false,"modelViewMatrix":{"elements":[1,0,0,0,0,1,0,0,0,0,1,0,0,0,0,1]},"name":"DefaultCamera","normalMatrix":{"elements":[1,0,0,0,1,0,0,0,1]},"parent":null,"position":{"x":-1.9634655409915307,"y":3.0906372117347232,"z":-11.081587416651235},"quaternion":{"x":0.00067138724833616247,"y":0.995234862978805,"z":0.097262121316934583,"w":-0.0068699714447541822},"receiveShadow":false,"renderOrder":0,"rotation":{"x":-2.9467376419113607,"y":-0.013544283190238406,"z":-3.1389196532485948,"order":"XYZ"},"scale":{"x":1,"y":1,"z":1},"type":"PerspectiveCamera","up":{"x":0,"y":1,"z":0},"userData":{"isDefault":true,"control":"OrbitControls"},"uuid":"286DB95A-A5FC-4CF3-94E4-04E3CCF22176","visible":true,"isObject3D":true,"matrixWorldInverse":{"elements":[-0.99990470546302235,0.0026727519844142317,-0.01354386908297984,0,0,0.98107925799218554,0.19360653278622353,0,0.013805071274973098,0.19358808314132578,-0.98098576649855662,0,-1.810296329325215,-0.88164893983817638,-11.495840000844545,1.0000000000000002]},"projectionMatrix":{"elements":[1.1615432125569514,0,0,0,0,2.1445069205095586,0,0,0,0,-1.0000200002000021,-1,0,0,-0.20000200002000021,0]},"aspect":1.8462566844919786,"far":10000,"filmGauge":35,"filmOffset":0,"focus":10,"fov":50,"near":0.1,"view":null,"zoom":1},{"_id":"5d7b10a1c8b49a1a38e73836","metadata":{"generator":"WebGLRendererSerializer","type":"Object","version":"0.0.1"},"antialias":true,"autoClear":false,"autoClearColor":true,"autoClearDepth":true,"autoClearStencil":true,"autoUpdateScene":false,"clippingPlanes":[],"gammaFactor":2,"gammaInput":false,"gammaOutput":false,"localClippingEnabled":false,"physicallyCorrectLights":false,"shadowMap":{"metadata":{"generator":"WebGLShadowMapSerializer","type":"Object","version":"0.0.1"},"autoUpdate":true,"enabled":true,"needsUpdate":false,"type":2},"sortObjects":true,"toneMapping":1,"toneMappingExposure":1,"toneMappingWhitePoint":1},{"_id":"5d7b10a1c8b49a1a38e73837","metadata":{"generator":"AnimationSerializer","type":"Object","version":"0.0.1"},"id":null,"uuid":"33748187-00E3-444B-A81F-0D5873E301AA","layer":0,"layerName":"AnimLayer1","animations":[]},{"_id":"5d7b10a1c8b49a1a38e73838","metadata":{"generator":"AnimationSerializer","type":"Object","version":"0.0.1"},"id":null,"uuid":"6B5C0BC4-E2A6-461F-83BD-EE3ABE66E27A","layer":1,"layerName":"AnimLayer2","animations":[]},{"_id":"5d7b10a1c8b49a1a38e73839","metadata":{"generator":"AnimationSerializer","type":"Object","version":"0.0.1"},"id":null,"uuid":"5D6B15EF-05DD-4A17-9709-E833DCA36ECA","layer":2,"layerName":"AnimLayer3","animations":[]},{"_id":"5d7b10a1c8b49a1a38e7383a","metadata":{"generator":"AudioListenerSerializer","type":"Object","version":"0.0.1"},"castShadow":false,"children":[],"frustumCulled":true,"layers":{"mask":1},"matrix":{"elements":[1,0,0,0,0,1,0,0,0,0,1,0,0,0,0,1]},"matrixAutoUpdate":true,"matrixWorld":{"elements":[-0.9999047054630219,0,0.013805071274973093,0,0.0026727519844142304,0.98107925799218532,0.19358808314132572,0,-0.013543869082979833,0.1936065327862235,-0.98098576649855618,0,-1.9634655409915307,3.0906372117347232,-11.081587416651235,1]},"matrixWorldNeedsUpdate":false,"modelViewMatrix":{"elements":[1,0,0,0,0,1,0,0,0,0,1,0,0,0,0,1]},"name":"AudioListener","normalMatrix":{"elements":[1,0,0,0,1,0,0,0,1]},"parent":"286DB95A-A5FC-4CF3-94E4-04E3CCF22176","position":{"x":0,"y":0,"z":0},"quaternion":{"x":0,"y":0,"z":0,"w":1},"receiveShadow":false,"renderOrder":0,"rotation":{"x":0,"y":0,"z":0,"order":"XYZ"},"scale":{"x":1,"y":1,"z":1},"type":"AudioListener","up":{"x":0,"y":1,"z":0},"userData":{},"uuid":"D12FF75B-AC4B-453B-A464-BD52A5774DBA","visible":true,"isObject3D":true,"masterVolume":1},{"_id":"5d7b10a1c8b49a1a38e7383b","metadata":{"generator":"VisualSerializer","type":"Object","version":"0.0.1"},"data":[]},{"_id":"5d7b10a1c8b49a1a38e7383c","metadata":{"generator":"SceneSerializer","type":"Object","version":"0.0.1"},"castShadow":false,"children":["F50A5983-5B31-4EE7-B60B-7B9F967E4E33","53CBC705-E2E7-4BC7-9923-090E8197B609","058EF684-78AF-4442-939A-9E8F4397BC6C"],"frustumCulled":true,"layers":{"mask":1},"matrix":{"elements":[1,0,0,0,0,1,0,0,0,0,1,0,0,0,0,1]},"matrixAutoUpdate":true,"matrixWorld":{"elements":[1,0,0,0,0,1,0,0,0,0,1,0,0,0,0,1]},"matrixWorldNeedsUpdate":false,"modelViewMatrix":{"elements":[1,0,0,0,0,1,0,0,0,0,1,0,0,0,0,1]},"name":"Scene","normalMatrix":{"elements":[1,0,0,0,1,0,0,0,1]},"parent":null,"position":{"x":0,"y":0,"z":0},"quaternion":{"x":0,"y":0,"z":0,"w":1},"receiveShadow":false,"renderOrder":0,"rotation":{"x":0,"y":0,"z":0,"order":"XYZ"},"scale":{"x":1,"y":1,"z":1},"type":"Scene","up":{"x":0,"y":1,"z":0},"userData":{"children":[{"uuid":"F50A5983-5B31-4EE7-B60B-7B9F967E4E33","children":[]},{"uuid":"53CBC705-E2E7-4BC7-9923-090E8197B609","children":[]},{"uuid":"058EF684-78AF-4442-939A-9E8F4397BC6C","children":[]}]},"uuid":"B0A437F9-CA3A-49B8-811A-2C01A2EBFE68","visible":true,"isObject3D":true,"background":11184810,"fog":null,"overrideMaterial":null},{"_id":"5d7b10a1c8b49a1a38e7383d","metadata":{"generator":"AmbientLightSerializer","type":"Object","version":"0.0.1"},"children":[],"frustumCulled":true,"layers":{"mask":1},"matrix":{"elements":[1,0,0,0,0,1,0,0,0,0,1,0,0,0,0,1]},"matrixAutoUpdate":true,"matrixWorld":{"elements":[1,0,0,0,0,1,0,0,0,0,1,0,0,0,0,1]},"matrixWorldNeedsUpdate":false,"modelViewMatrix":{"elements":[1,0,0,0,0,1,0,0,0,0,1,0,0,0,0,1]},"name":"Ambient","normalMatrix":{"elements":[1,0,0,0,1,0,0,0,1]},"parent":"B0A437F9-CA3A-49B8-811A-2C01A2EBFE68","position":{"x":0,"y":0,"z":0},"quaternion":{"x":0,"y":0,"z":0,"w":1},"renderOrder":0,"rotation":{"x":0,"y":0,"z":0,"order":"XYZ"},"scale":{"x":1,"y":1,"z":1},"type":"AmbientLight","up":{"x":0,"y":1,"z":0},"userData":{},"uuid":"F50A5983-5B31-4EE7-B60B-7B9F967E4E33","visible":true,"isObject3D":true,"color":16777215,"intensity":0.24,"isLight":true,"shadow":null,"isAmbientLight":true},{"_id":"5d7b10a1c8b49a1a38e7383e","metadata":{"generator":"DirectionalLightSerializer","type":"Object","version":"0.0.1"},"castShadow":true,"children":[],"frustumCulled":true,"layers":{"mask":1},"matrix":{"elements":[1,0,0,0,0,1,0,0,0,0,1,0,5,10,7.5,1]},"matrixAutoUpdate":true,"matrixWorld":{"elements":[1,0,0,0,0,1,0,0,0,0,1,0,5,10,7.5,1]},"matrixWorldNeedsUpdate":false,"modelViewMatrix":{"elements":[1,0,0,0,0,1,0,0,0,0,1,0,0,0,0,1]},"name":"Directional","normalMatrix":{"elements":[1,0,0,0,1,0,0,0,1]},"parent":"B0A437F9-CA3A-49B8-811A-2C01A2EBFE68","position":{"x":5,"y":10,"z":7.5},"quaternion":{"x":0,"y":0,"z":0,"w":1},"renderOrder":0,"rotation":{"x":0,"y":0,"z":0,"order":"XYZ"},"scale":{"x":1,"y":1,"z":1},"type":"DirectionalLight","up":{"x":0,"y":1,"z":0},"userData":{},"uuid":"53CBC705-E2E7-4BC7-9923-090E8197B609","visible":true,"isObject3D":true,"color":16777215,"intensity":0.56,"isLight":true,"shadow":{"metadata":{"generator":"DirectionalLightShadowSerializer","type":"Object","version":"0.0.1"},"bias":0,"camera":{"metadata":{"generator":"OrthographicCameraSerializer","type":"Object","version":"0.0.1"},"castShadow":false,"children":[],"frustumCulled":true,"layers":{"mask":1},"matrix":{"elements":[0.83205029433784372,2.7755575615628914E-17,-0.554700196225229,0,-0.41202096209968375,0.66953406341198618,-0.61803144314952574,0,0.37139067635410372,0.74278135270820744,0.55708601453115558,0,5,10,7.5,1]},"matrixAutoUpdate":true,"matrixWorld":{"elements":[0.83205029433784372,2.7755575615628914E-17,-0.554700196225229,0,-0.41202096209968375,0.66953406341198618,-0.61803144314952574,0,0.37139067635410372,0.74278135270820744,0.55708601453115558,0,5,10,7.5,1]},"matrixWorldNeedsUpdate":false,"modelViewMatrix":{"elements":[1,0,0,0,0,1,0,0,0,0,1,0,0,0,0,1]},"name":"","normalMatrix":{"elements":[1,0,0,0,1,0,0,0,1]},"parent":null,"position":{"x":5,"y":10,"z":7.5},"quaternion":{"x":-0.38904698186552672,"y":0.26476298577359092,"z":0.1177939480420426,"w":0.87445273918619892},"receiveShadow":false,"renderOrder":0,"rotation":{"x":-0.92729521800161219,"y":0.3805063771123649,"z":0.45979025757734426,"order":"XYZ"},"scale":{"x":1,"y":1,"z":1},"type":"OrthographicCamera","up":{"x":0,"y":1,"z":0},"userData":{},"uuid":"4B7F320B-8A9B-4DA4-9D16-F1819B3E3468","visible":true,"isObject3D":true,"matrixWorldInverse":{"elements":[0.83205029433784372,-0.41202096209968375,0.37139067635410367,0,-5.5511151231257827E-17,0.66953406341198618,0.74278135270820744,0,-0.55470019622522915,-0.61803144314952574,0.55708601453115558,0,0,0,-13.46291201783626,1]},"projectionMatrix":{"elements":[0.05,0,0,0,0,0.05,0,0,0,0,-0.0040008001600320064,0,0,0,-1.0004000800160033,1]},"bottom":-20,"far":500,"left":-20,"near":0.1,"right":20,"top":20,"view":null,"zoom":1},"map":{"metadata":{"generator":"WebGLRenderTargetSerializer","type":"Object","version":"0.0.1"},"depthBuffer":true,"depthTexture":null,"height":2048,"scissor":{"x":0,"y":0,"z":2048,"w":2048},"scissorTest":false,"stencilBuffer":true,"texture":{"metadata":{"generator":"TextureSerializer","type":"Object","version":"0.0.1"},"anisotropy":1,"center":{"x":0,"y":0},"encoding":3000,"flipY":true,"format":1023,"generateMipmaps":false,"image":null,"magFilter":1003,"mapping":300,"matrix":{"elements":[1,0,0,0,1,0,0,0,1]},"matrixAutoUpdate":true,"minFilter":1003,"mipmaps":[],"name":"Directional.shadowMap","offset":{"x":0,"y":0},"premultiplyAlpha":false,"repeat":{"x":1,"y":1},"rotation":0,"type":1009,"unpackAlignment":4,"uuid":"6C479367-8560-43E3-8167-A404A1FA78B6","version":0,"wrapS":1001,"wrapT":1001,"isTexture":true},"viewport":{"x":0,"y":0,"z":2048,"w":2048},"width":2048,"isWebGLRenderTarget":true},"mapSize":{"x":2048,"y":2048},"matrix":{"elements":[0.020801257358446096,-0.010300524052492094,-0.00074292993869594652,0,-1.3877787807814458E-18,0.016738351585299655,-0.0014858598773918933,0,-0.013867504905630729,-0.015450786078738144,-0.00111439490804392,0,0.5,0.5,0.0267311702697264,1]},"radius":0},"isDirectionalLight":true},{"_id":"5d7b10a1c8b49a1a38e7383f","metadata":{"generator":"ServerObject","type":"Object","version":"0.0.1"},"castShadow":false,"children":[],"frustumCulled":true,"layers":{"mask":1},"matrix":{"elements":[-5,6.1232339957367663E-16,0,0,-6.1232339957367663E-16,-5,0,0,0,0,5,0,0.034667712366510672,5,-9,1]},"matrixAutoUpdate":true,"matrixWorld":{"elements":[-5,6.1232339957367663E-16,0,0,-6.1232339957367663E-16,-5,0,0,0,0,5,0,0.034667712366510672,5,-9,1]},"matrixWorldNeedsUpdate":false,"modelViewMatrix":{"elements":[4.9995235273151115,-0.013363759922070558,0.067719345414899323,0,6.1226504849883368E-16,-4.9053962899609278,-0.96803266393111764,0,0.0690253563748655,0.96794041570662892,-4.9049288324927831,0,-1.9692063795228856,2.2815472600478421,-1.6994049733841177,1.0000000000000002]},"name":"Zaghetto","normalMatrix":{"elements":[0.19998094109260436,-0.00053455039688282214,0.0027087738165959717,2.4535928844215944E-17,-0.19621585159843705,-0.038721306557244692,0.0027610142549946192,0.038717616628265138,-0.19619715329971121]},"parent":"B0A437F9-CA3A-49B8-811A-2C01A2EBFE68","position":{"x":0.034667712366510672,"y":5,"z":-9},"quaternion":{"x":0,"y":0,"z":1,"w":6.123233995736766E-17},"receiveShadow":false,"renderOrder":0,"rotation":{"x":0,"y":0,"z":3.1415926535897931,"order":"XYZ"},"scale":{"x":5,"y":5,"z":5},"type":"Points","up":{"x":0,"y":1,"z":0},"userData":{"_children":[],"physics":{"enabled":false,"type":"rigidBody","shape":"btBoxShape","mass":1,"inertia":{"x":0,"y":0,"z":0}},"ID":"5d7b0fd6c8b49a1a38e73818","Name":"Zaghetto","CategoryID":"","CategoryName":"","TotalPinYin":"zaghetto","FirstPinYin":"zaghetto","Type":"pcd","Url":"/Upload/Model/20190913114110/Zaghetto.pcd","FileName":null,"FileSize":0,"FileType":null,"SaveName":null,"SavePath":null,"AddTime":"0001-01-01 00:00:00","Thumbnail":"","id":"5d7b0fd6c8b49a1a38e73818","src":null,"title":"Zaghetto","icon":"model","cornerText":"pcd","Server":true,"children":[]},"uuid":"058EF684-78AF-4442-939A-9E8F4397BC6C","visible":true,"isObject3D":true}]}