{"Code":200,"Msg":"Get Successfully!","Data":[{"_id":"5d7b8ab9c8b49a0cf8861827","metadata":{"generator":"OptionsSerializer","type":"Object","version":"0.0.1"},"server":"http://localhost:2000","sceneType":"Empty","shadowMapType":2,"gammaInput":false,"gammaOutput":false,"gammaFactor":2,"hueRotate":0,"saturate":1,"brightness":1,"blur":0,"contrast":1,"grayscale":0,"invert":0,"sepia":0,"theme":"assets/css/light.css","showGrid":true,"showCameraHelper":true,"showPointLightHelper":false,"showDirectionalLightHelper":true,"showSpotLightHelper":true,"showHemisphereLightHelper":true,"showRectAreaLightHelper":true,"showSkeletonHelper":false,"selected":"F7B710BC-7C53-4628-87E0-1E97B48281E5"},{"_id":"5d7b8ab9c8b49a0cf8861828","metadata":{"generator":"PerspectiveCameraSerializer","type":"Object","version":"0.0.1"},"castShadow":false,"children":["EE8F76C8-23A6-4ED1-B440-DF236E72F3C5"],"frustumCulled":true,"layers":{"mask":1},"matrix":{"elements":[-0.3665570329422454,-2.7755575615628914E-17,-0.93039558339481454,0,-0.33406378672189641,0.93331615408110957,0.13161437205819815,0,0.86835322766809853,0.35905564545240964,-0.34211360023703907,0,31.320943890174455,14.496637273834889,-17.537474724531986,1]},"matrixAutoUpdate":true,"matrixWorld":{"elements":[-0.3665570329422454,-2.7755575615628914E-17,-0.93039558339481454,0,-0.33406378672189641,0.93331615408110957,0.13161437205819815,0,0.86835322766809853,0.35905564545240964,-0.34211360023703907,0,31.320943890174455,14.496637273834889,-17.537474724531986,1]},"matrixWorldNeedsUpdate":false,"modelViewMatrix":{"elements":[1,0,0,0,0,1,0,0,0,0,1,0,0,0,0,1]},"name":"默认相机","normalMatrix":{"elements":[1,0,0,0,1,0,0,0,1]},"parent":null,"position":{"x":31.320943890174455,"y":14.496637273834889,"z":-17.537474724531986},"quaternion":{"x":-0.10276236326311798,"y":0.81270947872846822,"z":0.15093647556513365,"w":0.5533185160695927},"receiveShadow":false,"renderOrder":0,"rotation":{"x":-2.3320366290397043,"y":1.0518721401523694,"z":2.4025390731089051,"order":"XYZ"},"scale":{"x":1,"y":1,"z":1},"type":"PerspectiveCamera","up":{"x":0,"y":1,"z":0},"userData":{"isDefault":true,"control":"OrbitControls","orbitOptions":{"minDistance":0,"maxDistance":99999,"minPolarAngle":0,"maxPolarAngle":3.1415926535897931,"minAzimuthAngle":-9999,"maxAzimuthAngle":9999,"enableDamping":false,"dampingFactor":0.25,"enableZoom":true,"zoomSpeed":1,"enableRotate":true,"rotateSpeed":1,"enablePan":true,"panSpeed":1,"screenSpacePanning":false,"keyPanSpeed":7,"autoRotate":true,"autoRotateSpeed":2,"enableKeys":true}},"uuid":"1949289F-3E5B-4D2F-9CAF-7F5EFBB29E0C","visible":true,"isObject3D":true,"matrixWorldInverse":{"elements":[-0.36655703294224556,-0.33406378672189652,0.86835322766809886,0,1.3877787807814463E-17,0.93331615408110968,0.35905564545240976,0,-0.930395583394815,0.13161437205819812,-0.34211360023703924,0,-4.8358767662698554,-0.75856890451291548,-38.402550790966373,1]},"projectionMatrix":{"elements":[1.1615432125569514,0,0,0,0,2.1445069205095586,0,0,0,0,-1.0000200002000021,-1,0,0,-0.20000200002000021,0]},"aspect":1.8462566844919786,"far":10000,"filmGauge":35,"filmOffset":0,"focus":10,"fov":50,"near":0.1,"view":null,"zoom":1},{"_id":"5d7b8ab9c8b49a0cf8861829","metadata":{"generator":"WebGLRendererSerializer","type":"Object","version":"0.0.1"},"antialias":true,"autoClear":false,"autoClearColor":true,"autoClearDepth":true,"autoClearStencil":true,"autoUpdateScene":false,"clippingPlanes":[],"gammaFactor":2,"gammaInput":false,"gammaOutput":false,"localClippingEnabled":false,"physicallyCorrectLights":false,"shadowMap":{"metadata":{"generator":"WebGLShadowMapSerializer","type":"Object","version":"0.0.1"},"autoUpdate":true,"enabled":true,"needsUpdate":false,"type":2},"sortObjects":true,"toneMapping":1,"toneMappingExposure":1,"toneMappingWhitePoint":1},{"_id":"5c24b5dcc8b49a1d144485fb","metadata":{"generator":"AnimationSerializer","type":"Object","version":"0.0.1"},"id":"5c20dd21c8b49a1fb01a771b","uuid":"41234B73-667D-4E0B-8430-555A87B48112","name":"组1","type":"AnimationGroup","index":1,"animations":[],"layerName":"Anim Layer1"},{"_id":"5c24b5dcc8b49a1d144485fc","metadata":{"generator":"AnimationSerializer","type":"Object","version":"0.0.1"},"id":"5c20dd21c8b49a1fb01a771c","uuid":"383E4154-6F73-43FE-97F5-28611BA88491","name":"组2","type":"AnimationGroup","index":1,"animations":[],"layerName":"Anim Layer2"},{"_id":"5c24b5dcc8b49a1d144485fd","metadata":{"generator":"AnimationSerializer","type":"Object","version":"0.0.1"},"id":"5c20dd21c8b49a1fb01a771d","uuid":"3182A7E9-D3E1-4C92-AF95-438C63F8F32F","name":"组3","type":"AnimationGroup","index":2,"animations":[],"layerName":"Anim Layer3"},{"_id":"5d7b8ab9c8b49a0cf886182a","metadata":{"generator":"AudioListenerSerializer","type":"Object","version":"0.0.1"},"castShadow":false,"children":[],"frustumCulled":true,"layers":{"mask":1},"matrix":{"elements":[1,0,0,0,0,1,0,0,0,0,1,0,0,0,0,1]},"matrixAutoUpdate":true,"matrixWorld":{"elements":[-0.3665570329422454,-2.7755575615628914E-17,-0.93039558339481454,0,-0.33406378672189641,0.93331615408110957,0.13161437205819815,0,0.86835322766809853,0.35905564545240964,-0.34211360023703907,0,31.320943890174455,14.496637273834889,-17.537474724531986,1]},"matrixWorldNeedsUpdate":false,"modelViewMatrix":{"elements":[1,0,0,0,0,1,0,0,0,0,1,0,0,0,0,1]},"name":"音频监听器","normalMatrix":{"elements":[1,0,0,0,1,0,0,0,1]},"parent":"1949289F-3E5B-4D2F-9CAF-7F5EFBB29E0C","position":{"x":0,"y":0,"z":0},"quaternion":{"x":0,"y":0,"z":0,"w":1},"receiveShadow":false,"renderOrder":0,"rotation":{"x":0,"y":0,"z":0,"order":"XYZ"},"scale":{"x":1,"y":1,"z":1},"type":"AudioListener","up":{"x":0,"y":1,"z":0},"userData":{},"uuid":"EE8F76C8-23A6-4ED1-B440-DF236E72F3C5","visible":true,"isObject3D":true,"masterVolume":1},{"_id":"5d7b8ab9c8b49a0cf886182b","metadata":{"generator":"VisualSerializer","type":"Object","version":"0.0.1"},"data":[]},{"_id":"5d7b8ab9c8b49a0cf886182c","metadata":{"generator":"SceneSerializer","type":"Object","version":"0.0.1"},"castShadow":false,"children":["241C0DB1-F1AE-47E7-A367-43C7BE6A977F","861E621A-6AB9-48FC-A4B7-A274F7BCC0F3","5BCF330D-DA0C-452D-A29F-77F12B71FD4A","A075446D-5903-49D3-A6AB-B02D5D885AD1","C8764244-E90B-4F4F-8040-BA6BF79100D8","4D421235-ABEA-4AB0-99FE-DD13C4AEB8C1","D1411443-ACD0-406F-A02C-C23C8FD88814","9CC3EC1E-7A25-410E-9501-91DB9598009F","4C18B755-AAAB-428B-BAEA-EFC3E96B5DBD","E7DA3536-CDAC-42B6-AAA0-7AF51FEA5953","AA6783AA-D14E-49AC-8DBE-A520E15839FD","9FE2B018-BED8-41EC-88D5-C97082CECFDD","AE894D2B-C743-4893-A1AB-27286C05820D","F2D8CFF0-FB63-43EF-88BD-31FBF14B63ED","FF5A65E1-5D89-4FD5-8DBD-97920553E2C4","E7004CA8-489B-4403-BCF5-5C75F214850F","D19CC7CE-2464-4F50-B8D3-8D629EEB6EFD","F46220EB-E533-4E3C-98CB-F21B666E7214","72ACD6B0-9F89-4352-BCDF-147C93CD47E4","1224AF03-0C3C-404A-A6C0-857A5FF91E80","17DA0D9B-69C6-42EE-8A6E-825083602CFC","60F47D25-E0B4-438C-8E93-EB2E2C80F8B4","51CCC1D6-7AEA-4BCC-BD59-0E12CCCEE4B8","C60AEABA-926A-4C0C-BF8B-F476789D05C6","43B14F5F-B14A-4145-BCD7-E2E4B8F21AFD","871392E3-8377-4D20-9C5A-52AD04BF950F","F0F29662-08EE-48E9-9C27-1505552F0646"],"frustumCulled":true,"layers":{"mask":1},"matrix":{"elements":[1,0,0,0,0,1,0,0,0,0,1,0,0,0,0,1]},"matrixAutoUpdate":true,"matrixWorld":{"elements":[1,0,0,0,0,1,0,0,0,0,1,0,0,0,0,1]},"matrixWorldNeedsUpdate":false,"modelViewMatrix":{"elements":[1,0,0,0,0,1,0,0,0,0,1,0,0,0,0,1]},"name":"场景","normalMatrix":{"elements":[1,0,0,0,1,0,0,0,1]},"parent":null,"position":{"x":0,"y":0,"z":0},"quaternion":{"x":0,"y":0,"z":0,"w":1},"receiveShadow":false,"renderOrder":0,"rotation":{"x":0,"y":0,"z":0,"order":"XYZ"},"scale":{"x":1,"y":1,"z":1},"type":"Scene","up":{"x":0,"y":1,"z":0},"userData":{"postProcessing":{"dotScreen":{"enabled":false,"scale":4},"rgbShift":{"enabled":false,"amount":0.1},"afterimage":{"enabled":false,"damp":0.92},"bokeh":{"enabled":false,"focus":50,"aperture":2.8,"maxBlur":1},"fxaa":{"enabled":false},"glitch":{"enabled":false,"wild":false}},"physics":{"type":"btSoftBodyRigidBodyCollisionConfiguration","gravityX":0,"gravityY":-9.8,"gravityZ":0},"children":[{"uuid":"241C0DB1-F1AE-47E7-A367-43C7BE6A977F","children":[]},{"uuid":"861E621A-6AB9-48FC-A4B7-A274F7BCC0F3","children":[]},{"uuid":"5BCF330D-DA0C-452D-A29F-77F12B71FD4A","children":[]},{"uuid":"A075446D-5903-49D3-A6AB-B02D5D885AD1","children":[]},{"uuid":"C8764244-E90B-4F4F-8040-BA6BF79100D8","children":[]},{"uuid":"4D421235-ABEA-4AB0-99FE-DD13C4AEB8C1","children":[]},{"uuid":"D1411443-ACD0-406F-A02C-C23C8FD88814","children":[]},{"uuid":"9CC3EC1E-7A25-410E-9501-91DB9598009F","children":[]},{"uuid":"4C18B755-AAAB-428B-BAEA-EFC3E96B5DBD","children":[]},{"uuid":"E7DA3536-CDAC-42B6-AAA0-7AF51FEA5953","children":[]},{"uuid":"AA6783AA-D14E-49AC-8DBE-A520E15839FD","children":[]},{"uuid":"9FE2B018-BED8-41EC-88D5-C97082CECFDD","children":[]},{"uuid":"AE894D2B-C743-4893-A1AB-27286C05820D","children":[]},{"uuid":"F2D8CFF0-FB63-43EF-88BD-31FBF14B63ED","children":[]},{"uuid":"FF5A65E1-5D89-4FD5-8DBD-97920553E2C4","children":[]},{"uuid":"E7004CA8-489B-4403-BCF5-5C75F214850F","children":[]},{"uuid":"D19CC7CE-2464-4F50-B8D3-8D629EEB6EFD","children":[]},{"uuid":"F46220EB-E533-4E3C-98CB-F21B666E7214","children":[]},{"uuid":"72ACD6B0-9F89-4352-BCDF-147C93CD47E4","children":[]},{"uuid":"1224AF03-0C3C-404A-A6C0-857A5FF91E80","children":[]},{"uuid":"17DA0D9B-69C6-42EE-8A6E-825083602CFC","children":[]},{"uuid":"60F47D25-E0B4-438C-8E93-EB2E2C80F8B4","children":[]},{"uuid":"51CCC1D6-7AEA-4BCC-BD59-0E12CCCEE4B8","children":[]},{"uuid":"C60AEABA-926A-4C0C-BF8B-F476789D05C6","children":[]},{"uuid":"43B14F5F-B14A-4145-BCD7-E2E4B8F21AFD","children":[]},{"uuid":"871392E3-8377-4D20-9C5A-52AD04BF950F","children":[]},{"uuid":"F0F29662-08EE-48E9-9C27-1505552F0646","children":[]}]},"uuid":"F7B710BC-7C53-4628-87E0-1E97B48281E5","visible":true,"isObject3D":true,"background":11184810,"fog":null,"overrideMaterial":null},{"_id":"5d7b8ab9c8b49a0cf886182d","metadata":{"generator":"AmbientLightSerializer","type":"Object","version":"0.0.1"},"children":[],"frustumCulled":true,"layers":{"mask":1},"matrix":{"elements":[1,0,0,0,0,1,0,0,0,0,1,0,0,0,0,1]},"matrixAutoUpdate":true,"matrixWorld":{"elements":[1,0,0,0,0,1,0,0,0,0,1,0,0,0,0,1]},"matrixWorldNeedsUpdate":false,"modelViewMatrix":{"elements":[1,0,0,0,0,1,0,0,0,0,1,0,0,0,0,1]},"name":"环境光","normalMatrix":{"elements":[1,0,0,0,1,0,0,0,1]},"parent":"F7B710BC-7C53-4628-87E0-1E97B48281E5","position":{"x":0,"y":0,"z":0},"quaternion":{"x":0,"y":0,"z":0,"w":1},"renderOrder":0,"rotation":{"x":0,"y":0,"z":0,"order":"XYZ"},"scale":{"x":1,"y":1,"z":1},"type":"AmbientLight","up":{"x":0,"y":1,"z":0},"userData":{},"uuid":"241C0DB1-F1AE-47E7-A367-43C7BE6A977F","visible":true,"isObject3D":true,"color":16777215,"intensity":0.24,"isLight":true,"shadow":null,"isAmbientLight":true},{"_id":"5d7b8ab9c8b49a0cf886182e","metadata":{"generator":"DirectionalLightSerializer","type":"Object","version":"0.0.1"},"castShadow":true,"children":[],"frustumCulled":true,"layers":{"mask":1},"matrix":{"elements":[1,0,0,0,0,1,0,0,0,0,1,0,13.096471667035535,16.353681252489046,7.5,1]},"matrixAutoUpdate":true,"matrixWorld":{"elements":[1,0,0,0,0,1,0,0,0,0,1,0,13.096471667035535,16.353681252489046,7.5,1]},"matrixWorldNeedsUpdate":false,"modelViewMatrix":{"elements":[1,0,0,0,0,1,0,0,0,0,1,0,0,0,0,1]},"name":"平行光","normalMatrix":{"elements":[1,0,0,0,1,0,0,0,1]},"parent":"F7B710BC-7C53-4628-87E0-1E97B48281E5","position":{"x":13.096471667035535,"y":16.353681252489046,"z":7.5},"quaternion":{"x":0,"y":0,"z":0,"w":1},"renderOrder":0,"rotation":{"x":0,"y":0,"z":0,"order":"XYZ"},"scale":{"x":1,"y":1,"z":1},"type":"DirectionalLight","up":{"x":0,"y":1,"z":0},"userData":{},"uuid":"861E621A-6AB9-48FC-A4B7-A274F7BCC0F3","visible":true,"isObject3D":true,"color":16777215,"intensity":0.56,"isLight":true,"shadow":{"metadata":{"generator":"DirectionalLightShadowSerializer","type":"Object","version":"0.0.1"},"bias":0,"camera":{"metadata":{"generator":"OrthographicCameraSerializer","type":"Object","version":"0.0.1"},"castShadow":false,"children":[],"frustumCulled":true,"layers":{"mask":1},"matrix":{"elements":[0.49695300270820231,-1.1102230246251565E-16,-0.86777745597549449,0,-0.63771845772600377,0.67818946529085566,-0.36520435080112384,0,0.58851752885947972,0.73488709960680576,0.33702829118136091,0,13.096471667035535,16.353681252489046,7.5,1]},"matrixAutoUpdate":true,"matrixWorld":{"elements":[0.49695300270820231,-1.1102230246251565E-16,-0.86777745597549449,0,-0.63771845772600377,0.67818946529085566,-0.36520435080112384,0,0.58851752885947972,0.73488709960680576,0.33702829118136091,0,13.096471667035535,16.353681252489046,7.5,1]},"matrixWorldNeedsUpdate":false,"modelViewMatrix":{"elements":[1,0,0,0,0,1,0,0,0,0,1,0,0,0,0,1]},"name":"","normalMatrix":{"elements":[1,0,0,0,1,0,0,0,1]},"parent":null,"position":{"x":13.096471667035535,"y":16.353681252489046,"z":7.5},"quaternion":{"x":-0.34703574968437539,"y":0.45940400830894274,"z":0.20117518682873323,"w":0.79249144461950161},"receiveShadow":false,"renderOrder":0,"rotation":{"x":-1.1408035026318575,"y":0.6292239722754569,"z":0.90882587538012793,"order":"XYZ"},"scale":{"x":1,"y":1,"z":1},"type":"OrthographicCamera","up":{"x":0,"y":1,"z":0},"userData":{},"uuid":"B89BDBCF-EC66-4568-859C-4A023667FEC3","visible":true,"isObject3D":true,"matrixWorldInverse":{"elements":[0.49695300270820242,-0.63771845772600388,0.58851752885947972,0,2.775557561562892E-17,0.67818946529085578,0.73488709960680576,0,-0.86777745597549472,-0.365204350801124,0.33702829118136085,0,3.5527136788005017E-15,-4.4408920985006271E-16,-22.253324709658024,1]},"projectionMatrix":{"elements":[0.01,0,0,0,0,0.01,0,0,0,0,-0.004004004004004004,0,0,0,-1.002002002002002,1]},"bottom":-100,"far":500,"left":-100,"near":0.5,"right":100,"top":100,"view":null,"zoom":1},"map":{"metadata":{"generator":"WebGLRenderTargetSerializer","type":"Object","version":"0.0.1"},"depthBuffer":true,"depthTexture":null,"height":2048,"scissor":{"x":0,"y":0,"z":2048,"w":2048},"scissorTest":false,"stencilBuffer":true,"texture":{"metadata":{"generator":"TextureSerializer","type":"Object","version":"0.0.1"},"anisotropy":1,"center":{"x":0,"y":0},"encoding":3000,"flipY":true,"format":1023,"generateMipmaps":false,"image":null,"magFilter":1003,"mapping":300,"matrix":{"elements":[1,0,0,0,1,0,0,0,1]},"matrixAutoUpdate":true,"minFilter":1003,"mipmaps":[],"name":"平行光.shadowMap","offset":{"x":0,"y":0},"premultiplyAlpha":false,"repeat":{"x":1,"y":1},"rotation":0,"type":1009,"unpackAlignment":4,"uuid":"8868011A-430D-40BA-B0A4-8AD897B82229","version":0,"wrapS":1001,"wrapT":1001,"isTexture":true},"viewport":{"x":0,"y":0,"z":2048,"w":2048},"width":2048,"isWebGLRenderTarget":true},"mapSize":{"x":2048,"y":2048},"matrix":{"elements":[0.002484765013541012,-0.0031885922886300197,-0.0011782132709899495,0,1.3877787807814459E-19,0.003390947326454279,-0.0014712454446582698,0,-0.0043388872798774741,-0.00182602175400562,-0.00067473131367639814,0,0.5,0.5,0.043550199618935005,1]},"radius":1},"isDirectionalLight":true},{"_id":"5d7b8ab9c8b49a0cf886182f","metadata":{"generator":"MeshSerializer","type":"Object","version":"0.0.1"},"castShadow":true,"children":[],"frustumCulled":true,"layers":{"mask":1},"matrix":{"elements":[1,0,0,0,0,2.2204460492503131E-16,-1,0,0,1,2.2204460492503131E-16,0,0,0,0,1]},"matrixAutoUpdate":true,"matrixWorld":{"elements":[1,0,0,0,0,2.2204460492503131E-16,-1,0,0,1,2.2204460492503131E-16,0,0,0,0,1]},"matrixWorldNeedsUpdate":false,"modelViewMatrix":{"elements":[-0.36655703294224556,-0.33406378672189652,0.86835322766809886,0,0.930395583394815,-0.13161437205819793,0.34211360023703929,0,-1.9271153193108126E-16,0.93331615408110968,0.3590556454524097,0,-4.8358767662698554,-0.75856890451291548,-38.402550790966373,1]},"name":"平面","normalMatrix":{"elements":[-0.36655703294224534,-0.33406378672189641,0.86835322766809853,0.93039558339481432,-0.13161437205819793,0.34211360023703907,-2.4980018054066007E-16,0.93331615408110935,0.35905564545240953]},"parent":"F7B710BC-7C53-4628-87E0-1E97B48281E5","position":{"x":0,"y":0,"z":0},"quaternion":{"x":-0.70710678118654746,"y":0,"z":0,"w":0.70710678118654757},"receiveShadow":true,"renderOrder":0,"rotation":{"x":-1.5707963267948966,"y":0,"z":0,"order":"XYZ"},"scale":{"x":1,"y":1,"z":1},"type":"Mesh","up":{"x":0,"y":1,"z":0},"userData":{},"uuid":"5BCF330D-DA0C-452D-A29F-77F12B71FD4A","visible":true,"isObject3D":true,"drawMode":0,"geometry":{"metadata":{"generator":"PlaneBufferGeometrySerializer","type":"Object","version":"0.0.1"},"boundingBox":null,"boundingSphere":{"center":{"x":0,"y":0,"z":0},"radius":35.355339059327378},"drawRange":{"start":0,"count":null},"groups":[],"morphAttributes":{},"name":"","parameters":{"width":50,"height":50},"type":"PlaneBufferGeometry","userData":{},"uuid":"F35DAFA2-76C7-40E0-B17B-7DFBBE09C4C4"},"material":{"metadata":{"generator":"MeshStandardMaterialSerializer","type":"Object","version":"0.0.1"},"alphaMap":null,"alphaTest":0,"aoMap":null,"aoMapIntensity":1,"blendDst":205,"blendDstAlpha":null,"blendEquation":100,"blendEquationAlpha":null,"blendSrc":204,"blendSrcAlpha":null,"blending":1,"bumpMap":null,"bumpScale":1,"clipIntersection":false,"clippingPlanes":null,"color":16777215,"colorWrite":true,"depthFunc":3,"depthTest":true,"depthWrite":true,"displacementBias":0,"displacementMap":null,"displacementScale":1,"dithering":false,"emissive":0,"emissiveIntensity":1,"emissiveMap":null,"envMap":null,"envMapIntensity":1,"flatShading":false,"fog":true,"lightMap":null,"lightMapIntensity":1,"lights":true,"map":null,"metalness":0.5,"metalnessMap":null,"morphNormals":false,"morphTargets":false,"name":"","normalMap":null,"normalScale":{"x":1,"y":1},"opacity":1,"polygonOffset":false,"polygonOffsetFactor":0,"polygonOffsetUnits":0,"precision":null,"premultipliedAlpha":false,"refractionRatio":0.98,"roughness":0.5,"roughnessMap":null,"shadowSide":null,"side":0,"skinning":false,"transparent":false,"type":"MeshStandardMaterial","userData":{},"uuid":"DF9CA04F-2935-4C1F-B9A5-41ED7D1FCF4D","vertexColors":0,"visible":true,"wireframe":false,"wireframeLinecap":"round","wireframeLinejoin":"round","wireframeLinewidth":1}},{"_id":"5d7b8ab9c8b49a0cf8861830","metadata":{"generator":"MeshSerializer","type":"Object","version":"0.0.1"},"castShadow":true,"children":[],"frustumCulled":true,"layers":{"mask":1},"matrix":{"elements":[1,0,0,0,0,1,0,0,0,0,1,0,-11.40174593563399,1.0537545678508127,14.43039126087087,1]},"matrixAutoUpdate":true,"matrixWorld":{"elements":[1,0,0,0,0,1,0,0,0,0,1,0,-11.40174593563399,1.0537545678508127,14.43039126087087,1]},"matrixWorldNeedsUpdate":false,"modelViewMatrix":{"elements":[-0.36655703294224556,-0.33406378672189652,0.86835322766809886,0,1.3877787807814463E-17,0.93331615408110968,0.35905564545240976,0,-0.930395583394815,0.13161437205819812,-0.34211360023703924,0,-14.082458901515945,5.93307456295152,-52.861770255803322,1]},"name":"正方体","normalMatrix":{"elements":[-0.3665570329422454,-0.33406378672189641,0.86835322766809853,-6.9388939039072234E-17,0.93331615408110935,0.35905564545240964,-0.93039558339481432,0.13161437205819812,-0.342113600237039]},"parent":"F7B710BC-7C53-4628-87E0-1E97B48281E5","position":{"x":-11.40174593563399,"y":1.0537545678508127,"z":14.43039126087087},"quaternion":{"x":0,"y":0,"z":0,"w":1},"receiveShadow":true,"renderOrder":0,"rotation":{"x":0,"y":0,"z":0,"order":"XYZ"},"scale":{"x":1,"y":1,"z":1},"type":"Mesh","up":{"x":0,"y":1,"z":0},"userData":{},"uuid":"A075446D-5903-49D3-A6AB-B02D5D885AD1","visible":true,"isObject3D":true,"drawMode":0,"geometry":{"metadata":{"generator":"BoxBufferGeometrySerializer","type":"Object","version":"0.0.1"},"boundingBox":null,"boundingSphere":{"center":{"x":0,"y":0,"z":0},"radius":0.8660254037844386},"drawRange":{"start":0,"count":null},"groups":[{"start":0,"count":6,"materialIndex":0},{"start":6,"count":6,"materialIndex":1},{"start":12,"count":6,"materialIndex":2},{"start":18,"count":6,"materialIndex":3},{"start":24,"count":6,"materialIndex":4},{"start":30,"count":6,"materialIndex":5}],"morphAttributes":{},"name":"","parameters":{"width":1,"height":1,"depth":1},"type":"BoxBufferGeometry","userData":{},"uuid":"018B3F3B-5CF7-4ADF-B54D-8E7E83748DE3"},"material":{"metadata":{"generator":"MeshStandardMaterialSerializer","type":"Object","version":"0.0.1"},"alphaMap":null,"alphaTest":0,"aoMap":null,"aoMapIntensity":1,"blendDst":205,"blendDstAlpha":null,"blendEquation":100,"blendEquationAlpha":null,"blendSrc":204,"blendSrcAlpha":null,"blending":1,"bumpMap":null,"bumpScale":1,"clipIntersection":false,"clippingPlanes":null,"color":16777215,"colorWrite":true,"depthFunc":3,"depthTest":true,"depthWrite":true,"displacementBias":0,"displacementMap":null,"displacementScale":1,"dithering":false,"emissive":0,"emissiveIntensity":1,"emissiveMap":null,"envMap":null,"envMapIntensity":1,"flatShading":false,"fog":true,"lightMap":null,"lightMapIntensity":1,"lights":true,"map":null,"metalness":0.5,"metalnessMap":null,"morphNormals":false,"morphTargets":false,"name":"","normalMap":null,"normalScale":{"x":1,"y":1},"opacity":1,"polygonOffset":false,"polygonOffsetFactor":0,"polygonOffsetUnits":0,"precision":null,"premultipliedAlpha":false,"refractionRatio":0.98,"roughness":0.5,"roughnessMap":null,"shadowSide":null,"side":0,"skinning":false,"transparent":false,"type":"MeshStandardMaterial","userData":{},"uuid":"E18665EC-C000-4E6F-996A-1CAEA41BC713","vertexColors":0,"visible":true,"wireframe":false,"wireframeLinecap":"round","wireframeLinejoin":"round","wireframeLinewidth":1}},{"_id":"5d7b8ab9c8b49a0cf8861831","metadata":{"generator":"MeshSerializer","type":"Object","version":"0.0.1"},"castShadow":true,"children":[],"frustumCulled":true,"layers":{"mask":1},"matrix":{"elements":[1,0,0,0,0,1,0,0,0,0,1,0,-9.9677302278898132,1.4751329597735081,-9.7487099316164567,1]},"matrixAutoUpdate":true,"matrixWorld":{"elements":[1,0,0,0,0,1,0,0,0,0,1,0,-9.9677302278898132,1.4751329597735081,-9.7487099316164567,1]},"matrixWorldNeedsUpdate":false,"modelViewMatrix":{"elements":[-0.36655703294224556,-0.33406378672189652,0.86835322766809886,0,1.3877787807814463E-17,0.93331615408110968,0.35905564545240976,0,-0.930395583394815,0.13161437205819812,-0.34211360023703924,0,7.8880215154072886,2.6649838851851433,-43.193240437507882,1]},"name":"正方体","normalMatrix":{"elements":[-0.3665570329422454,-0.33406378672189641,0.86835322766809853,-6.9388939039072234E-17,0.93331615408110935,0.35905564545240964,-0.93039558339481432,0.13161437205819812,-0.342113600237039]},"parent":"F7B710BC-7C53-4628-87E0-1E97B48281E5","position":{"x":-9.9677302278898132,"y":1.4751329597735081,"z":-9.7487099316164567},"quaternion":{"x":0,"y":0,"z":0,"w":1},"receiveShadow":true,"renderOrder":0,"rotation":{"x":0,"y":0,"z":0,"order":"XYZ"},"scale":{"x":1,"y":1,"z":1},"type":"Mesh","up":{"x":0,"y":1,"z":0},"userData":{},"uuid":"C8764244-E90B-4F4F-8040-BA6BF79100D8","visible":true,"isObject3D":true,"drawMode":0,"geometry":{"metadata":{"generator":"BoxBufferGeometrySerializer","type":"Object","version":"0.0.1"},"boundingBox":null,"boundingSphere":{"center":{"x":0,"y":0,"z":0},"radius":0.8660254037844386},"drawRange":{"start":0,"count":null},"groups":[{"start":0,"count":6,"materialIndex":0},{"start":6,"count":6,"materialIndex":1},{"start":12,"count":6,"materialIndex":2},{"start":18,"count":6,"materialIndex":3},{"start":24,"count":6,"materialIndex":4},{"start":30,"count":6,"materialIndex":5}],"morphAttributes":{},"name":"","parameters":{"width":1,"height":1,"depth":1},"type":"BoxBufferGeometry","userData":{},"uuid":"D9DF1010-82B8-4F80-9590-C69B444A8B39"},"material":{"metadata":{"generator":"MeshStandardMaterialSerializer","type":"Object","version":"0.0.1"},"alphaMap":null,"alphaTest":0,"aoMap":null,"aoMapIntensity":1,"blendDst":205,"blendDstAlpha":null,"blendEquation":100,"blendEquationAlpha":null,"blendSrc":204,"blendSrcAlpha":null,"blending":1,"bumpMap":null,"bumpScale":1,"clipIntersection":false,"clippingPlanes":null,"color":16777215,"colorWrite":true,"depthFunc":3,"depthTest":true,"depthWrite":true,"displacementBias":0,"displacementMap":null,"displacementScale":1,"dithering":false,"emissive":0,"emissiveIntensity":1,"emissiveMap":null,"envMap":null,"envMapIntensity":1,"flatShading":false,"fog":true,"lightMap":null,"lightMapIntensity":1,"lights":true,"map":null,"metalness":0.5,"metalnessMap":null,"morphNormals":false,"morphTargets":false,"name":"","normalMap":null,"normalScale":{"x":1,"y":1},"opacity":1,"polygonOffset":false,"polygonOffsetFactor":0,"polygonOffsetUnits":0,"precision":null,"premultipliedAlpha":false,"refractionRatio":0.98,"roughness":0.5,"roughnessMap":null,"shadowSide":null,"side":0,"skinning":false,"transparent":false,"type":"MeshStandardMaterial","userData":{},"uuid":"A52C57F1-D283-4021-9C2E-EDDE01D6E7FE","vertexColors":0,"visible":true,"wireframe":false,"wireframeLinecap":"round","wireframeLinejoin":"round","wireframeLinewidth":1}},{"_id":"5d7b8ab9c8b49a0cf8861832","metadata":{"generator":"MeshSerializer","type":"Object","version":"0.0.1"},"castShadow":true,"children":[],"frustumCulled":true,"layers":{"mask":1},"matrix":{"elements":[1,0,0,0,0,1,0,0,0,0,1,0,0,0,-12.027699407002785,1]},"matrixAutoUpdate":true,"matrixWorld":{"elements":[1,0,0,0,0,1,0,0,0,0,1,0,0,0,-12.027699407002785,1]},"matrixWorldNeedsUpdate":false,"modelViewMatrix":{"elements":[-0.36655703294224556,-0.33406378672189652,0.86835322766809886,0,1.3877787807814463E-17,0.93331615408110968,0.35905564545240976,0,-0.930395583394815,0.13161437205819812,-0.34211360023703924,0,6.3546416404059709,-2.341587009270349,-34.287711244267747,1]},"name":"圆","normalMatrix":{"elements":[-0.3665570329422454,-0.33406378672189641,0.86835322766809853,-6.9388939039072234E-17,0.93331615408110935,0.35905564545240964,-0.93039558339481432,0.13161437205819812,-0.342113600237039]},"parent":"F7B710BC-7C53-4628-87E0-1E97B48281E5","position":{"x":0,"y":0,"z":-12.027699407002785},"quaternion":{"x":0,"y":0,"z":0,"w":1},"receiveShadow":true,"renderOrder":0,"rotation":{"x":0,"y":0,"z":0,"order":"XYZ"},"scale":{"x":1,"y":1,"z":1},"type":"Mesh","up":{"x":0,"y":1,"z":0},"userData":{},"uuid":"4D421235-ABEA-4AB0-99FE-DD13C4AEB8C1","visible":true,"isObject3D":true,"drawMode":0,"geometry":{"metadata":{"generator":"CircleBufferGeometrySerializer","type":"Object","version":"0.0.1"},"boundingBox":null,"boundingSphere":{"center":{"x":0,"y":0,"z":0},"radius":1},"drawRange":{"start":0,"count":null},"groups":[],"morphAttributes":{},"name":"","parameters":{"radius":1,"segments":32},"type":"CircleBufferGeometry","userData":{},"uuid":"D8DE3ADF-67EB-4BB3-8A68-3D49DB930514"},"material":{"metadata":{"generator":"MeshStandardMaterialSerializer","type":"Object","version":"0.0.1"},"alphaMap":null,"alphaTest":0,"aoMap":null,"aoMapIntensity":1,"blendDst":205,"blendDstAlpha":null,"blendEquation":100,"blendEquationAlpha":null,"blendSrc":204,"blendSrcAlpha":null,"blending":1,"bumpMap":null,"bumpScale":1,"clipIntersection":false,"clippingPlanes":null,"color":16777215,"colorWrite":true,"depthFunc":3,"depthTest":true,"depthWrite":true,"displacementBias":0,"displacementMap":null,"displacementScale":1,"dithering":false,"emissive":0,"emissiveIntensity":1,"emissiveMap":null,"envMap":null,"envMapIntensity":1,"flatShading":false,"fog":true,"lightMap":null,"lightMapIntensity":1,"lights":true,"map":null,"metalness":0.5,"metalnessMap":null,"morphNormals":false,"morphTargets":false,"name":"","normalMap":null,"normalScale":{"x":1,"y":1},"opacity":1,"polygonOffset":false,"polygonOffsetFactor":0,"polygonOffsetUnits":0,"precision":null,"premultipliedAlpha":false,"refractionRatio":0.98,"roughness":0.5,"roughnessMap":null,"shadowSide":null,"side":0,"skinning":false,"transparent":false,"type":"MeshStandardMaterial","userData":{},"uuid":"8922F319-BC63-46D3-95D7-FF4181533A52","vertexColors":0,"visible":true,"wireframe":false,"wireframeLinecap":"round","wireframeLinejoin":"round","wireframeLinewidth":1}},{"_id":"5d7b8ab9c8b49a0cf8861833","metadata":{"generator":"MeshSerializer","type":"Object","version":"0.0.1"},"castShadow":true,"children":[],"frustumCulled":true,"layers":{"mask":1},"matrix":{"elements":[1,0,0,0,0,1,0,0,0,0,1,0,-13.245142314574544,2.7892337290589628,0,1]},"matrixAutoUpdate":true,"matrixWorld":{"elements":[1,0,0,0,0,1,0,0,0,0,1,0,-13.245142314574544,2.7892337290589628,0,1]},"matrixWorldNeedsUpdate":false,"modelViewMatrix":{"elements":[-0.36655703294224556,-0.33406378672189652,0.86835322766809886,0,1.3877787807814463E-17,0.93331615408110968,0.35905564545240976,0,-0.930395583394815,0.13161437205819812,-0.34211360023703924,0,0.019223301458376696,6.2693903896029051,-48.902522753845595,1]},"name":"圆柱体","normalMatrix":{"elements":[-0.3665570329422454,-0.33406378672189641,0.86835322766809853,-6.9388939039072234E-17,0.93331615408110935,0.35905564545240964,-0.93039558339481432,0.13161437205819812,-0.342113600237039]},"parent":"F7B710BC-7C53-4628-87E0-1E97B48281E5","position":{"x":-13.245142314574544,"y":2.7892337290589628,"z":0},"quaternion":{"x":0,"y":0,"z":0,"w":1},"receiveShadow":true,"renderOrder":0,"rotation":{"x":0,"y":0,"z":0,"order":"XYZ"},"scale":{"x":1,"y":1,"z":1},"type":"Mesh","up":{"x":0,"y":1,"z":0},"userData":{},"uuid":"D1411443-ACD0-406F-A02C-C23C8FD88814","visible":true,"isObject3D":true,"drawMode":0,"geometry":{"metadata":{"generator":"CylinderBufferGeometrySerializer","type":"Object","version":"0.0.1"},"boundingBox":null,"boundingSphere":{"center":{"x":0,"y":0,"z":0},"radius":1.4142135623730951},"drawRange":{"start":0,"count":null},"groups":[{"start":0,"count":192,"materialIndex":0},{"start":192,"count":96,"materialIndex":1},{"start":288,"count":96,"materialIndex":2}],"morphAttributes":{},"name":"","parameters":{"radiusTop":1,"radiusBottom":1,"height":2,"radialSegments":32,"heightSegments":1,"openEnded":false},"type":"CylinderBufferGeometry","userData":{},"uuid":"597C2CFF-83D6-4B7C-B60D-A658F27FFBDD"},"material":{"metadata":{"generator":"MeshStandardMaterialSerializer","type":"Object","version":"0.0.1"},"alphaMap":null,"alphaTest":0,"aoMap":null,"aoMapIntensity":1,"blendDst":205,"blendDstAlpha":null,"blendEquation":100,"blendEquationAlpha":null,"blendSrc":204,"blendSrcAlpha":null,"blending":1,"bumpMap":null,"bumpScale":1,"clipIntersection":false,"clippingPlanes":null,"color":16777215,"colorWrite":true,"depthFunc":3,"depthTest":true,"depthWrite":true,"displacementBias":0,"displacementMap":null,"displacementScale":1,"dithering":false,"emissive":0,"emissiveIntensity":1,"emissiveMap":null,"envMap":null,"envMapIntensity":1,"flatShading":false,"fog":true,"lightMap":null,"lightMapIntensity":1,"lights":true,"map":null,"metalness":0.5,"metalnessMap":null,"morphNormals":false,"morphTargets":false,"name":"","normalMap":null,"normalScale":{"x":1,"y":1},"opacity":1,"polygonOffset":false,"polygonOffsetFactor":0,"polygonOffsetUnits":0,"precision":null,"premultipliedAlpha":false,"refractionRatio":0.98,"roughness":0.5,"roughnessMap":null,"shadowSide":null,"side":0,"skinning":false,"transparent":false,"type":"MeshStandardMaterial","userData":{},"uuid":"5438E3AF-8547-4EB1-9FEF-3AD1342A9D7A","vertexColors":0,"visible":true,"wireframe":false,"wireframeLinecap":"round","wireframeLinejoin":"round","wireframeLinewidth":1}},{"_id":"5d7b8ab9c8b49a0cf8861834","metadata":{"generator":"MeshSerializer","type":"Object","version":"0.0.1"},"castShadow":true,"children":[],"frustumCulled":true,"layers":{"mask":1},"matrix":{"elements":[1,0,0,0,0,1,0,0,0,0,1,0,0,4.5402510080919489,10.886957510850831,1]},"matrixAutoUpdate":true,"matrixWorld":{"elements":[1,0,0,0,0,1,0,0,0,0,1,0,0,4.5402510080919489,10.886957510850831,1]},"matrixWorldNeedsUpdate":false,"modelViewMatrix":{"elements":[-0.36655703294224556,-0.33406378672189652,0.86835322766809886,0,1.3877787807814463E-17,0.93331615408110968,0.35905564545240976,0,-0.930395583394815,0.13161437205819812,-0.34211360023703924,0,-14.965053950972477,4.9118007813372584,-40.496924264404818,1]},"name":"二十面体","normalMatrix":{"elements":[-0.3665570329422454,-0.33406378672189641,0.86835322766809853,-6.9388939039072234E-17,0.93331615408110935,0.35905564545240964,-0.93039558339481432,0.13161437205819812,-0.342113600237039]},"parent":"F7B710BC-7C53-4628-87E0-1E97B48281E5","position":{"x":0,"y":4.5402510080919489,"z":10.886957510850831},"quaternion":{"x":0,"y":0,"z":0,"w":1},"receiveShadow":true,"renderOrder":0,"rotation":{"x":0,"y":0,"z":0,"order":"XYZ"},"scale":{"x":1,"y":1,"z":1},"type":"Mesh","up":{"x":0,"y":1,"z":0},"userData":{},"uuid":"9CC3EC1E-7A25-410E-9501-91DB9598009F","visible":true,"isObject3D":true,"drawMode":0,"geometry":{"metadata":{"generator":"IcosahedronBufferGeometrySerializer","type":"Object","version":"0.0.1"},"boundingBox":null,"boundingSphere":{"center":{"x":0,"y":0,"z":0},"radius":1.000000019576136},"drawRange":{"start":0,"count":null},"groups":[],"morphAttributes":{},"name":"","parameters":{"radius":1,"detail":2},"type":"IcosahedronBufferGeometry","userData":{},"uuid":"E5BE845A-C35B-44AF-A97D-CF41BA2F1533"},"material":{"metadata":{"generator":"MeshStandardMaterialSerializer","type":"Object","version":"0.0.1"},"alphaMap":null,"alphaTest":0,"aoMap":null,"aoMapIntensity":1,"blendDst":205,"blendDstAlpha":null,"blendEquation":100,"blendEquationAlpha":null,"blendSrc":204,"blendSrcAlpha":null,"blending":1,"bumpMap":null,"bumpScale":1,"clipIntersection":false,"clippingPlanes":null,"color":16777215,"colorWrite":true,"depthFunc":3,"depthTest":true,"depthWrite":true,"displacementBias":0,"displacementMap":null,"displacementScale":1,"dithering":false,"emissive":0,"emissiveIntensity":1,"emissiveMap":null,"envMap":null,"envMapIntensity":1,"flatShading":false,"fog":true,"lightMap":null,"lightMapIntensity":1,"lights":true,"map":null,"metalness":0.5,"metalnessMap":null,"morphNormals":false,"morphTargets":false,"name":"","normalMap":null,"normalScale":{"x":1,"y":1},"opacity":1,"polygonOffset":false,"polygonOffsetFactor":0,"polygonOffsetUnits":0,"precision":null,"premultipliedAlpha":false,"refractionRatio":0.98,"roughness":0.5,"roughnessMap":null,"shadowSide":null,"side":0,"skinning":false,"transparent":false,"type":"MeshStandardMaterial","userData":{},"uuid":"30FEB76A-4C79-44FF-90F7-197D5EAEB2AD","vertexColors":0,"visible":true,"wireframe":false,"wireframeLinecap":"round","wireframeLinejoin":"round","wireframeLinewidth":1}},{"_id":"5d7b8ab9c8b49a0cf8861835","metadata":{"generator":"MeshSerializer","type":"Object","version":"0.0.1"},"castShadow":true,"children":[],"frustumCulled":true,"layers":{"mask":1},"matrix":{"elements":[1,0,0,0,0,1,0,0,0,0,1,0,11.469998122937294,2.7529812488252112,0,1]},"matrixAutoUpdate":true,"matrixWorld":{"elements":[1,0,0,0,0,1,0,0,0,0,1,0,11.469998122937294,2.7529812488252112,0,1]},"matrixWorldNeedsUpdate":false,"modelViewMatrix":{"elements":[-0.36655703294224556,-0.33406378672189652,0.86835322766809886,0,1.3877787807814463E-17,0.93331615408110968,0.35905564545240976,0,-0.930395583394815,0.13161437205819812,-0.34211360023703924,0,-9.0402852460668761,-2.0208780397434367,-27.454067440351423,1]},"name":"正方体","normalMatrix":{"elements":[-0.3665570329422454,-0.33406378672189641,0.86835322766809853,-6.9388939039072234E-17,0.93331615408110935,0.35905564545240964,-0.93039558339481432,0.13161437205819812,-0.342113600237039]},"parent":"F7B710BC-7C53-4628-87E0-1E97B48281E5","position":{"x":11.469998122937294,"y":2.7529812488252112,"z":0},"quaternion":{"x":0,"y":0,"z":0,"w":1},"receiveShadow":true,"renderOrder":0,"rotation":{"x":0,"y":0,"z":0,"order":"XYZ"},"scale":{"x":1,"y":1,"z":1},"type":"Mesh","up":{"x":0,"y":1,"z":0},"userData":{},"uuid":"4C18B755-AAAB-428B-BAEA-EFC3E96B5DBD","visible":true,"isObject3D":true,"drawMode":0,"geometry":{"metadata":{"generator":"BoxBufferGeometrySerializer","type":"Object","version":"0.0.1"},"boundingBox":null,"boundingSphere":{"center":{"x":0,"y":0,"z":0},"radius":0.8660254037844386},"drawRange":{"start":0,"count":null},"groups":[{"start":0,"count":6,"materialIndex":0},{"start":6,"count":6,"materialIndex":1},{"start":12,"count":6,"materialIndex":2},{"start":18,"count":6,"materialIndex":3},{"start":24,"count":6,"materialIndex":4},{"start":30,"count":6,"materialIndex":5}],"morphAttributes":{},"name":"","parameters":{"width":1,"height":1,"depth":1},"type":"BoxBufferGeometry","userData":{},"uuid":"CD0A7022-9050-46F5-82BC-59B61803C6CF"},"material":{"metadata":{"generator":"MeshStandardMaterialSerializer","type":"Object","version":"0.0.1"},"alphaMap":null,"alphaTest":0,"aoMap":null,"aoMapIntensity":1,"blendDst":205,"blendDstAlpha":null,"blendEquation":100,"blendEquationAlpha":null,"blendSrc":204,"blendSrcAlpha":null,"blending":1,"bumpMap":null,"bumpScale":1,"clipIntersection":false,"clippingPlanes":null,"color":16777215,"colorWrite":true,"depthFunc":3,"depthTest":true,"depthWrite":true,"displacementBias":0,"displacementMap":null,"displacementScale":1,"dithering":false,"emissive":0,"emissiveIntensity":1,"emissiveMap":null,"envMap":null,"envMapIntensity":1,"flatShading":false,"fog":true,"lightMap":null,"lightMapIntensity":1,"lights":true,"map":null,"metalness":0.5,"metalnessMap":null,"morphNormals":false,"morphTargets":false,"name":"","normalMap":null,"normalScale":{"x":1,"y":1},"opacity":1,"polygonOffset":false,"polygonOffsetFactor":0,"polygonOffsetUnits":0,"precision":null,"premultipliedAlpha":false,"refractionRatio":0.98,"roughness":0.5,"roughnessMap":null,"shadowSide":null,"side":0,"skinning":false,"transparent":false,"type":"MeshStandardMaterial","userData":{},"uuid":"41C9BCD8-5928-4C3A-B4A9-467892FC7E0B","vertexColors":0,"visible":true,"wireframe":false,"wireframeLinecap":"round","wireframeLinejoin":"round","wireframeLinewidth":1}},{"_id":"5d7b8ab9c8b49a0cf8861836","metadata":{"generator":"MeshSerializer","type":"Object","version":"0.0.1"},"castShadow":true,"children":[],"frustumCulled":true,"layers":{"mask":1},"matrix":{"elements":[1,0,0,0,0,1,0,0,0,0,1,0,0,4.1795671489260382,8.0610117346204611,1]},"matrixAutoUpdate":true,"matrixWorld":{"elements":[1,0,0,0,0,1,0,0,0,0,1,0,0,4.1795671489260382,8.0610117346204611,1]},"matrixWorldNeedsUpdate":false,"modelViewMatrix":{"elements":[-0.36655703294224556,-0.33406378672189652,0.86835322766809886,0,1.3877787807814463E-17,0.93331615408110968,0.35905564545240976,0,-0.930395583394815,0.13161437205819812,-0.34211360023703924,0,-12.335806481854508,4.2032336302523214,-39.659635356681072,1]},"name":"正方体","normalMatrix":{"elements":[-0.3665570329422454,-0.33406378672189641,0.86835322766809853,-6.9388939039072234E-17,0.93331615408110935,0.35905564545240964,-0.93039558339481432,0.13161437205819812,-0.342113600237039]},"parent":"F7B710BC-7C53-4628-87E0-1E97B48281E5","position":{"x":0,"y":4.1795671489260382,"z":8.0610117346204611},"quaternion":{"x":0,"y":0,"z":0,"w":1},"receiveShadow":true,"renderOrder":0,"rotation":{"x":0,"y":0,"z":0,"order":"XYZ"},"scale":{"x":1,"y":1,"z":1},"type":"Mesh","up":{"x":0,"y":1,"z":0},"userData":{},"uuid":"E7DA3536-CDAC-42B6-AAA0-7AF51FEA5953","visible":true,"isObject3D":true,"drawMode":0,"geometry":{"metadata":{"generator":"BoxBufferGeometrySerializer","type":"Object","version":"0.0.1"},"boundingBox":null,"boundingSphere":{"center":{"x":0,"y":0,"z":0},"radius":0.8660254037844386},"drawRange":{"start":0,"count":null},"groups":[{"start":0,"count":6,"materialIndex":0},{"start":6,"count":6,"materialIndex":1},{"start":12,"count":6,"materialIndex":2},{"start":18,"count":6,"materialIndex":3},{"start":24,"count":6,"materialIndex":4},{"start":30,"count":6,"materialIndex":5}],"morphAttributes":{},"name":"","parameters":{"width":1,"height":1,"depth":1},"type":"BoxBufferGeometry","userData":{},"uuid":"B402E924-C994-4CFC-BCF1-7E660231911B"},"material":{"metadata":{"generator":"MeshStandardMaterialSerializer","type":"Object","version":"0.0.1"},"alphaMap":null,"alphaTest":0,"aoMap":null,"aoMapIntensity":1,"blendDst":205,"blendDstAlpha":null,"blendEquation":100,"blendEquationAlpha":null,"blendSrc":204,"blendSrcAlpha":null,"blending":1,"bumpMap":null,"bumpScale":1,"clipIntersection":false,"clippingPlanes":null,"color":16777215,"colorWrite":true,"depthFunc":3,"depthTest":true,"depthWrite":true,"displacementBias":0,"d