{"Code":200,"Msg":"Get Successfully!","Data":[{"_id":"5d7b0d3fc8b49a1a38e73738","metadata":{"generator":"OptionsSerializer","type":"Object","version":"0.0.1"},"server":"http://localhost:2000","sceneType":"Empty","shadowMapType":2,"gammaInput":false,"gammaOutput":false,"gammaFactor":2,"hueRotate":0,"saturate":1,"brightness":1,"blur":0,"contrast":1,"grayscale":0,"invert":0,"sepia":0,"selected":"865A89C3-0166-45AF-BF7E-F83379D18A20"},{"_id":"5d7b0d3fc8b49a1a38e73739","metadata":{"generator":"PerspectiveCameraSerializer","type":"Object","version":"0.0.1"},"castShadow":false,"children":["66133FB4-AA0E-470A-8B02-73982678A481"],"frustumCulled":true,"layers":{"mask":1},"matrix":{"elements":[0.847043544958354,2.7755575615628914E-17,-0.53152350177991659,0,-0.15190725924097218,0.95829049887304008,-0.24208160681794066,0,0.50935392168342142,0.28579594078583404,0.81171378126532945,0,3.88412798415736,2.1793648072759475,6.1898025689461784,1]},"matrixAutoUpdate":true,"matrixWorld":{"elements":[0.847043544958354,2.7755575615628914E-17,-0.53152350177991659,0,-0.15190725924097218,0.95829049887304008,-0.24208160681794066,0,0.50935392168342142,0.28579594078583404,0.81171378126532945,0,3.88412798415736,2.1793648072759475,6.1898025689461784,1]},"matrixWorldNeedsUpdate":false,"modelViewMatrix":{"elements":[1,0,0,0,0,1,0,0,0,0,1,0,0,0,0,1]},"name":"DefaultCamera","normalMatrix":{"elements":[1,0,0,0,1,0,0,0,1]},"parent":null,"position":{"x":3.88412798415736,"y":2.1793648072759475,"z":6.1898025689461784},"quaternion":{"x":-0.13877973989381923,"y":0.27364811923771587,"z":0.039936629282950657,"w":0.95092689323321855},"receiveShadow":false,"renderOrder":0,"rotation":{"x":-0.33853512056365948,"y":0.53443385583549674,"z":0.17745182752180361,"order":"XYZ"},"scale":{"x":1,"y":1,"z":1},"type":"PerspectiveCamera","up":{"x":0,"y":1,"z":0},"userData":{"isDefault":true,"control":"OrbitControls"},"uuid":"981BD806-6AD5-42B8-B488-72C49F8B31AC","visible":true,"isObject3D":true,"matrixWorldInverse":{"elements":[0.847043544958354,-0.15190725924097223,0.50935392168342142,0,1.3877787807814457E-17,0.95829049887304008,0.28579594078583404,0,-0.53152350177991647,-0.24208160681794066,0.81171378126532945,0,-5.5511151231257827E-17,2.2204460492503131E-16,-7.6255974849869936,1]},"projectionMatrix":{"elements":[1.1615432125569514,0,0,0,0,2.1445069205095586,0,0,0,0,-1.0000200002000021,-1,0,0,-0.20000200002000021,0]},"aspect":1.8462566844919786,"far":10000,"filmGauge":35,"filmOffset":0,"focus":10,"fov":50,"near":0.1,"view":null,"zoom":1},{"_id":"5d7b0d3fc8b49a1a38e7373a","metadata":{"generator":"WebGLRendererSerializer","type":"Object","version":"0.0.1"},"antialias":true,"autoClear":false,"autoClearColor":true,"autoClearDepth":true,"autoClearStencil":true,"autoUpdateScene":false,"clippingPlanes":[],"gammaFactor":2,"gammaInput":false,"gammaOutput":false,"localClippingEnabled":false,"physicallyCorrectLights":false,"shadowMap":{"metadata":{"generator":"WebGLShadowMapSerializer","type":"Object","version":"0.0.1"},"autoUpdate":true,"enabled":true,"needsUpdate":false,"type":2},"sortObjects":true,"toneMapping":1,"toneMappingExposure":1,"toneMappingWhitePoint":1},{"_id":"5d7b0d3fc8b49a1a38e7373b","metadata":{"generator":"AnimationSerializer","type":"Object","version":"0.0.1"},"id":null,"uuid":"575D6400-A106-4C06-B112-5B5E4864837C","layer":0,"layerName":"AnimLayer1","animations":[]},{"_id":"5d7b0d3fc8b49a1a38e7373c","metadata":{"generator":"AnimationSerializer","type":"Object","version":"0.0.1"},"id":null,"uuid":"A1FFDEF3-AFD9-4B58-B335-F332539BF7C3","layer":1,"layerName":"AnimLayer2","animations":[]},{"_id":"5d7b0d3fc8b49a1a38e7373d","metadata":{"generator":"AnimationSerializer","type":"Object","version":"0.0.1"},"id":null,"uuid":"73D50B4B-4D63-4E2E-9346-BA4C972A3029","layer":2,"layerName":"AnimLayer3","animations":[]},{"_id":"5d7b0d3fc8b49a1a38e7373e","metadata":{"generator":"AudioListenerSerializer","type":"Object","version":"0.0.1"},"castShadow":false,"children":[],"frustumCulled":true,"layers":{"mask":1},"matrix":{"elements":[1,0,0,0,0,1,0,0,0,0,1,0,0,0,0,1]},"matrixAutoUpdate":true,"matrixWorld":{"elements":[0.847043544958354,2.7755575615628914E-17,-0.53152350177991659,0,-0.15190725924097218,0.95829049887304008,-0.24208160681794066,0,0.50935392168342142,0.28579594078583404,0.81171378126532945,0,3.88412798415736,2.1793648072759475,6.1898025689461784,1]},"matrixWorldNeedsUpdate":false,"modelViewMatrix":{"elements":[1,0,0,0,0,1,0,0,0,0,1,0,0,0,0,1]},"name":"AudioListener","normalMatrix":{"elements":[1,0,0,0,1,0,0,0,1]},"parent":"981BD806-6AD5-42B8-B488-72C49F8B31AC","position":{"x":0,"y":0,"z":0},"quaternion":{"x":0,"y":0,"z":0,"w":1},"receiveShadow":false,"renderOrder":0,"rotation":{"x":0,"y":0,"z":0,"order":"XYZ"},"scale":{"x":1,"y":1,"z":1},"type":"AudioListener","up":{"x":0,"y":1,"z":0},"userData":{},"uuid":"66133FB4-AA0E-470A-8B02-73982678A481","visible":true,"isObject3D":true,"masterVolume":1},{"_id":"5d7b0d3fc8b49a1a38e7373f","metadata":{"generator":"VisualSerializer","type":"Object","version":"0.0.1"},"data":[]},{"_id":"5d7b0d3fc8b49a1a38e73740","metadata":{"generator":"SceneSerializer","type":"Object","version":"0.0.1"},"castShadow":false,"children":["BEE517BA-0ADA-4596-BF01-D6EC2CF6E36C","865A89C3-0166-45AF-BF7E-F83379D18A20","B6E1364A-F018-4115-BEA2-7260B85BC8A9"],"frustumCulled":true,"layers":{"mask":1},"matrix":{"elements":[1,0,0,0,0,1,0,0,0,0,1,0,0,0,0,1]},"matrixAutoUpdate":true,"matrixWorld":{"elements":[1,0,0,0,0,1,0,0,0,0,1,0,0,0,0,1]},"matrixWorldNeedsUpdate":false,"modelViewMatrix":{"elements":[1,0,0,0,0,1,0,0,0,0,1,0,0,0,0,1]},"name":"Scene","normalMatrix":{"elements":[1,0,0,0,1,0,0,0,1]},"parent":null,"position":{"x":0,"y":0,"z":0},"quaternion":{"x":0,"y":0,"z":0,"w":1},"receiveShadow":false,"renderOrder":0,"rotation":{"x":0,"y":0,"z":0,"order":"XYZ"},"scale":{"x":1,"y":1,"z":1},"type":"Scene","up":{"x":0,"y":1,"z":0},"userData":{"children":[{"uuid":"BEE517BA-0ADA-4596-BF01-D6EC2CF6E36C","children":[]},{"uuid":"865A89C3-0166-45AF-BF7E-F83379D18A20","children":[]},{"uuid":"B6E1364A-F018-4115-BEA2-7260B85BC8A9","children":[{"uuid":"46752B6A-0297-4E42-AC13-019EE6B03BAF","children":[]}]}]},"uuid":"F8B72AB8-CBC9-480E-BC02-AA885AA7032B","visible":true,"isObject3D":true,"background":11184810,"fog":null,"overrideMaterial":null},{"_id":"5d7b0d3fc8b49a1a38e73741","metadata":{"generator":"AmbientLightSerializer","type":"Object","version":"0.0.1"},"children":[],"frustumCulled":true,"layers":{"mask":1},"matrix":{"elements":[1,0,0,0,0,1,0,0,0,0,1,0,0,0,0,1]},"matrixAutoUpdate":true,"matrixWorld":{"elements":[1,0,0,0,0,1,0,0,0,0,1,0,0,0,0,1]},"matrixWorldNeedsUpdate":false,"modelViewMatrix":{"elements":[1,0,0,0,0,1,0,0,0,0,1,0,0,0,0,1]},"name":"Ambient","normalMatrix":{"elements":[1,0,0,0,1,0,0,0,1]},"parent":"F8B72AB8-CBC9-480E-BC02-AA885AA7032B","position":{"x":0,"y":0,"z":0},"quaternion":{"x":0,"y":0,"z":0,"w":1},"renderOrder":0,"rotation":{"x":0,"y":0,"z":0,"order":"XYZ"},"scale":{"x":1,"y":1,"z":1},"type":"AmbientLight","up":{"x":0,"y":1,"z":0},"userData":{},"uuid":"BEE517BA-0ADA-4596-BF01-D6EC2CF6E36C","visible":true,"isObject3D":true,"color":16777215,"intensity":0.54,"isLight":true,"shadow":null,"isAmbientLight":true},{"_id":"5d7b0d3fc8b49a1a38e73742","metadata":{"generator":"DirectionalLightSerializer","type":"Object","version":"0.0.1"},"castShadow":true,"children":[],"frustumCulled":true,"layers":{"mask":1},"matrix":{"elements":[1,0,0,0,0,1,0,0,0,0,1,0,5,10,7.5,1]},"matrixAutoUpdate":true,"matrixWorld":{"elements":[1,0,0,0,0,1,0,0,0,0,1,0,5,10,7.5,1]},"matrixWorldNeedsUpdate":false,"modelViewMatrix":{"elements":[1,0,0,0,0,1,0,0,0,0,1,0,0,0,0,1]},"name":"Directional","normalMatrix":{"elements":[1,0,0,0,1,0,0,0,1]},"parent":"F8B72AB8-CBC9-480E-BC02-AA885AA7032B","position":{"x":5,"y":10,"z":7.5},"quaternion":{"x":0,"y":0,"z":0,"w":1},"renderOrder":0,"rotation":{"x":0,"y":0,"z":0,"order":"XYZ"},"scale":{"x":1,"y":1,"z":1},"type":"DirectionalLight","up":{"x":0,"y":1,"z":0},"userData":{},"uuid":"865A89C3-0166-45AF-BF7E-F83379D18A20","visible":true,"isObject3D":true,"color":16777215,"intensity":0.86,"isLight":true,"shadow":{"metadata":{"generator":"DirectionalLightShadowSerializer","type":"Object","version":"0.0.1"},"bias":0,"camera":{"metadata":{"generator":"OrthographicCameraSerializer","type":"Object","version":"0.0.1"},"castShadow":false,"children":[],"frustumCulled":true,"layers":{"mask":1},"matrix":{"elements":[0.83205029433784372,2.7755575615628914E-17,-0.554700196225229,0,-0.41202096209968375,0.66953406341198618,-0.61803144314952574,0,0.37139067635410372,0.74278135270820744,0.55708601453115558,0,5,10,7.5,1]},"matrixAutoUpdate":true,"matrixWorld":{"elements":[0.83205029433784372,2.7755575615628914E-17,-0.554700196225229,0,-0.41202096209968375,0.66953406341198618,-0.61803144314952574,0,0.37139067635410372,0.74278135270820744,0.55708601453115558,0,5,10,7.5,1]},"matrixWorldNeedsUpdate":false,"modelViewMatrix":{"elements":[1,0,0,0,0,1,0,0,0,0,1,0,0,0,0,1]},"name":"","normalMatrix":{"elements":[1,0,0,0,1,0,0,0,1]},"parent":null,"position":{"x":5,"y":10,"z":7.5},"quaternion":{"x":-0.38904698186552672,"y":0.26476298577359092,"z":0.1177939480420426,"w":0.87445273918619892},"receiveShadow":false,"renderOrder":0,"rotation":{"x":-0.92729521800161219,"y":0.3805063771123649,"z":0.45979025757734426,"order":"XYZ"},"scale":{"x":1,"y":1,"z":1},"type":"OrthographicCamera","up":{"x":0,"y":1,"z":0},"userData":{},"uuid":"7C41B64D-362B-40BD-9461-7C7AB04F881F","visible":true,"isObject3D":true,"matrixWorldInverse":{"elements":[0.83205029433784372,-0.41202096209968375,0.37139067635410367,0,-5.5511151231257827E-17,0.66953406341198618,0.74278135270820744,0,-0.55470019622522915,-0.61803144314952574,0.55708601453115558,0,0,0,-13.46291201783626,1]},"projectionMatrix":{"elements":[0.05,0,0,0,0,0.05,0,0,0,0,-0.0040008001600320064,0,0,0,-1.0004000800160033,1]},"bottom":-20,"far":500,"left":-20,"near":0.1,"right":20,"top":20,"view":null,"zoom":1},"map":{"metadata":{"generator":"WebGLRenderTargetSerializer","type":"Object","version":"0.0.1"},"depthBuffer":true,"depthTexture":null,"height":2048,"scissor":{"x":0,"y":0,"z":2048,"w":2048},"scissorTest":false,"stencilBuffer":true,"texture":{"metadata":{"generator":"TextureSerializer","type":"Object","version":"0.0.1"},"anisotropy":1,"center":{"x":0,"y":0},"encoding":3000,"flipY":true,"format":1023,"generateMipmaps":false,"image":null,"magFilter":1003,"mapping":300,"matrix":{"elements":[1,0,0,0,1,0,0,0,1]},"matrixAutoUpdate":true,"minFilter":1003,"mipmaps":[],"name":"Directional.shadowMap","offset":{"x":0,"y":0},"premultiplyAlpha":false,"repeat":{"x":1,"y":1},"rotation":0,"type":1009,"unpackAlignment":4,"uuid":"952215A8-BEDB-41E6-83B9-8FECC19F21EB","version":0,"wrapS":1001,"wrapT":1001,"isTexture":true},"viewport":{"x":0,"y":0,"z":2048,"w":2048},"width":2048,"isWebGLRenderTarget":true},"mapSize":{"x":2048,"y":2048},"matrix":{"elements":[0.020801257358446096,-0.010300524052492094,-0.00074292993869594652,0,-1.3877787807814458E-18,0.016738351585299655,-0.0014858598773918933,0,-0.013867504905630729,-0.015450786078738144,-0.00111439490804392,0,0.5,0.5,0.0267311702697264,1]},"radius":0},"isDirectionalLight":true},{"_id":"5d7b0d3fc8b49a1a38e73743","metadata":{"generator":"ServerObject","type":"Object","version":"0.0.1"},"castShadow":false,"children":["46752B6A-0297-4E42-AC13-019EE6B03BAF"],"frustumCulled":true,"layers":{"mask":1},"matrix":{"elements":[1,0,0,0,0,2.2204460492503131E-16,-1,0,0,1,2.2204460492503131E-16,0,0,0,0,1]},"matrixAutoUpdate":true,"matrixWorld":{"elements":[1,0,0,0,0,2.2204460492503131E-16,-1,0,0,1,2.2204460492503131E-16,0,0,0,0,1]},"matrixWorldNeedsUpdate":false,"modelViewMatrix":{"elements":[1,0,0,0,0,1,0,0,0,0,1,0,0,0,0,1]},"name":"kmz","normalMatrix":{"elements":[1,0,0,0,1,0,0,0,1]},"parent":"F8B72AB8-CBC9-480E-BC02-AA885AA7032B","position":{"x":0,"y":0,"z":0},"quaternion":{"x":-0.70710678118654746,"y":0,"z":0,"w":0.70710678118654757},"receiveShadow":false,"renderOrder":0,"rotation":{"x":-1.5707963267948963,"y":0,"z":0,"order":"XYZ"},"scale":{"x":1,"y":1,"z":1},"type":"Group","up":{"x":0,"y":1,"z":0},"userData":{"_children":[{"uuid":"46752B6A-0297-4E42-AC13-019EE6B03BAF","children":[]}],"physics":{"enabled":false,"type":"rigidBody","shape":"btBoxShape","mass":1,"inertia":{"x":0,"y":0,"z":0}},"ID":"5d7b0d29c8b49a1a38e73735","Name":"kmz","CategoryID":"","CategoryName":"","TotalPinYin":"kmz","FirstPinYin":"kmz","Type":"kmz","Url":"/Upload/Model/20190913112945/Box.kmz","FileName":null,"FileSize":0,"FileType":null,"SaveName":null,"SavePath":null,"AddTime":"0001-01-01 00:00:00","Thumbnail":"","id":"5d7b0d29c8b49a1a38e73735","src":null,"title":"kmz","icon":"model","cornerText":"kmz","Server":true,"children":[{"uuid":"46752B6A-0297-4E42-AC13-019EE6B03BAF","children":[]}]},"uuid":"B6E1364A-F018-4115-BEA2-7260B85BC8A9","visible":true,"isObject3D":true},{"_id":"5d7b0d3fc8b49a1a38e73744","metadata":{"generator":"MeshSerializer","type":"Object","version":"0.0.1"},"castShadow":false,"children":[],"frustumCulled":true,"layers":{"mask":1},"matrix":{"elements":[1,0,0,0,0,1,0,0,0,0,1,0,0,0,0,1]},"matrixAutoUpdate":true,"matrixWorld":{"elements":[1,0,0,0,0,2.2204460492503131E-16,-1,0,0,1,2.2204460492503131E-16,0,0,0,0,1]},"matrixWorldNeedsUpdate":false,"modelViewMatrix":{"elements":[0.847043544958354,-0.15190725924097223,0.50935392168342142,0,0.53152350177991647,0.24208160681794089,-0.81171378126532934,0,-1.0414413815327627E-16,0.95829049887304008,0.2857959407858342,0,-5.5511151231257827E-17,2.2204460492503131E-16,-7.6255974849869936,1]},"name":"Mesh","normalMatrix":{"elements":[0.847043544958354,-0.15190725924097218,0.50935392168342142,0.53152350177991659,0.24208160681794089,-0.81171378126532945,-6.9388939039072284E-17,0.95829049887304,0.2857959407858342]},"parent":"B6E1364A-F018-4115-BEA2-7260B85BC8A9","position":{"x":0,"y":0,"z":0},"quaternion":{"x":0,"y":0,"z":0,"w":1},"receiveShadow":false,"renderOrder":0,"rotation":{"x":0,"y":0,"z":0,"order":"XYZ"},"scale":{"x":1,"y":1,"z":1},"type":"Mesh","up":{"x":0,"y":1,"z":0},"userData":{},"uuid":"46752B6A-0297-4E42-AC13-019EE6B03BAF","visible":true,"isObject3D":true,"drawMode":0,"geometry":{"metadata":{"generator":"BufferGeometrySerializer","type":"Object","version":"0.0.1"},"boundingBox":null,"boundingSphere":{"center":{"x":0,"y":0,"z":0},"radius":0.8660254037844386},"drawRange":{"start":0,"count":null},"groups":[{"start":0,"count":36,"materialIndex":0}],"morphAttributes":{},"name":"","type":"BufferGeometry","userData":{},"uuid":"78A5E22F-9A0F-4A2E-AF9D-D9B67E656327"},"material":{"metadata":{"generator":"MeshPhongMaterialSerializer","type":"Object","version":"0.0.1"},"alphaMap":null,"alphaTest":0,"aoMap":null,"aoMapIntensity":1,"blendDst":205,"blendDstAlpha":null,"blendEquation":100,"blendEquationAlpha":null,"blendSrc":204,"blendSrcAlpha":null,"blending":1,"bumpMap":null,"bumpScale":1,"clipIntersection":false,"clippingPlanes":null,"color":13369344,"colorWrite":true,"depthFunc":3,"depthTest":true,"depthWrite":true,"displacementBias":0,"displacementMap":null,"displacementScale":1,"dithering":false,"emissive":0,"emissiveIntensity":1,"emissiveMap":null,"envMap":null,"flatShading":false,"fog":true,"lightMap":null,"lightMapIntensity":1,"lights":true,"map":null,"metalnessMap":null,"morphNormals":false,"morphTargets":false,"name":"Red","normalMap":null,"normalScale":{"x":1,"y":1},"opacity":1,"polygonOffset":false,"polygonOffsetFactor":0,"polygonOffsetUnits":0,"precision":null,"premultipliedAlpha":false,"refractionRatio":0.98,"roughnessMap":null,"shadowSide":null,"side":0,"skinning":false,"transparent":false,"type":"MeshPhongMaterial","userData":{},"uuid":"C16E14E2-E57D-41AA-AE9E-DB5F715041CC","vertexColors":0,"visible":true,"wireframe":false,"wireframeLinecap":"round","wireframeLinejoin":"round","wireframeLinewidth":1,"specular":3355443,"shininess":256}}]}