{"Code":200,"Msg":"Get Successfully!","Data":[{"_id":"5d7b9b69c8b49a0cf8861ff1","metadata":{"generator":"OptionsSerializer","type":"Object","version":"0.0.1"},"server":"http://localhost:2000","sceneType":"Empty","shadowMapType":2,"gammaInput":false,"gammaOutput":false,"gammaFactor":2,"hueRotate":0,"saturate":1,"brightness":1,"blur":0,"contrast":1,"grayscale":0,"invert":0,"sepia":0},{"_id":"5d7b9b69c8b49a0cf8861ff2","metadata":{"generator":"PerspectiveCameraSerializer","type":"Object","version":"0.0.1"},"castShadow":false,"children":["8CA18319-28B6-4E42-BFBE-AE7B7AAAF204"],"frustumCulled":true,"layers":{"mask":1},"matrix":{"elements":[0.94752351422969061,0,-0.31968608036919172,0,-0.10051305841650876,0.9492867082901677,-0.29791252164247417,0,0.303473746919856,0.31441174511079917,0.89947147785063486,0,1.3528285065746428,1.4015880316003035,4.0096735498129012,1]},"matrixAutoUpdate":true,"matrixWorld":{"elements":[0.94752351422969061,0,-0.31968608036919172,0,-0.10051305841650876,0.9492867082901677,-0.29791252164247417,0,0.303473746919856,0.31441174511079917,0.89947147785063486,0,1.3528285065746428,1.4015880316003035,4.0096735498129012,1]},"matrixWorldNeedsUpdate":false,"modelViewMatrix":{"elements":[1,0,0,0,0,1,0,0,0,0,1,0,0,0,0,1]},"name":"DefaultCamera","normalMatrix":{"elements":[1,0,0,0,1,0,0,0,1]},"parent":null,"position":{"x":1.3528285065746428,"y":1.4015880316003035,"z":4.0096735498129012},"quaternion":{"x":-0.1571347575243047,"y":0.1599153809127207,"z":0.025793678153651169,"w":0.974202455905662},"receiveShadow":false,"renderOrder":0,"rotation":{"x":-0.33627534847215163,"y":0.30833622579148406,"z":0.10568451399687902,"order":"XYZ"},"scale":{"x":1,"y":1,"z":1},"type":"PerspectiveCamera","up":{"x":0,"y":1,"z":0},"userData":{"isDefault":true,"control":"OrbitControls"},"uuid":"78896600-AB00-4E20-B1F8-5358FFAC0707","visible":true,"isObject3D":true,"matrixWorldInverse":{"elements":[0.94752351422969072,-0.10051305841650876,0.303473746919856,0,0,0.9492867082901677,0.31441174511079917,0,-0.31968608036919177,-0.29791252164247417,0.89947147785063486,0,-1.6653345369377348E-16,-2.2204460492503131E-16,-4.4578106683208727,1]},"projectionMatrix":{"elements":[1.1615432125569514,0,0,0,0,2.1445069205095586,0,0,0,0,-1.0000200002000021,-1,0,0,-0.20000200002000021,0]},"aspect":1.8462566844919786,"far":10000,"filmGauge":35,"filmOffset":0,"focus":10,"fov":50,"near":0.1,"view":null,"zoom":1},{"_id":"5d7b9b69c8b49a0cf8861ff3","metadata":{"generator":"WebGLRendererSerializer","type":"Object","version":"0.0.1"},"antialias":true,"autoClear":false,"autoClearColor":true,"autoClearDepth":true,"autoClearStencil":true,"autoUpdateScene":false,"clippingPlanes":[],"gammaFactor":2,"gammaInput":false,"gammaOutput":false,"localClippingEnabled":false,"physicallyCorrectLights":false,"shadowMap":{"metadata":{"generator":"WebGLShadowMapSerializer","type":"Object","version":"0.0.1"},"autoUpdate":true,"enabled":true,"needsUpdate":false,"type":2},"sortObjects":true,"toneMapping":1,"toneMappingExposure":1,"toneMappingWhitePoint":1},{"_id":"5d7b9b2ec8b49a0cf8861fdb","metadata":{"generator":"AnimationSerializer","type":"Object","version":"0.0.1"},"id":null,"uuid":"B0C336D3-F47C-46CC-9112-4B37CB41581E","layer":0,"layerName":"AnimLayer1","animations":[]},{"_id":"5d7b9b2ec8b49a0cf8861fdc","metadata":{"generator":"AnimationSerializer","type":"Object","version":"0.0.1"},"id":null,"uuid":"6DFABB1F-F13F-43F8-A3E5-DD56048ECBAC","layer":1,"layerName":"AnimLayer2","animations":[]},{"_id":"5d7b9b2ec8b49a0cf8861fdd","metadata":{"generator":"AnimationSerializer","type":"Object","version":"0.0.1"},"id":null,"uuid":"C0A66C9A-7778-4A0D-A020-F8C749E0DBEF","layer":2,"layerName":"AnimLayer3","animations":[]},{"_id":"5d7b9b69c8b49a0cf8861ff4","metadata":{"generator":"AudioListenerSerializer","type":"Object","version":"0.0.1"},"castShadow":false,"children":[],"frustumCulled":true,"layers":{"mask":1},"matrix":{"elements":[1,0,0,0,0,1,0,0,0,0,1,0,0,0,0,1]},"matrixAutoUpdate":true,"matrixWorld":{"elements":[0.94752351422969061,0,-0.31968608036919172,0,-0.10051305841650876,0.9492867082901677,-0.29791252164247417,0,0.303473746919856,0.31441174511079917,0.89947147785063486,0,1.3528285065746428,1.4015880316003035,4.0096735498129012,1]},"matrixWorldNeedsUpdate":false,"modelViewMatrix":{"elements":[1,0,0,0,0,1,0,0,0,0,1,0,0,0,0,1]},"name":"AudioListener","normalMatrix":{"elements":[1,0,0,0,1,0,0,0,1]},"parent":"78896600-AB00-4E20-B1F8-5358FFAC0707","position":{"x":0,"y":0,"z":0},"quaternion":{"x":0,"y":0,"z":0,"w":1},"receiveShadow":false,"renderOrder":0,"rotation":{"x":0,"y":0,"z":0,"order":"XYZ"},"scale":{"x":1,"y":1,"z":1},"type":"AudioListener","up":{"x":0,"y":1,"z":0},"userData":{},"uuid":"8CA18319-28B6-4E42-BFBE-AE7B7AAAF204","visible":true,"isObject3D":true,"masterVolume":1},{"_id":"5d7b9b69c8b49a0cf8861ff5","metadata":{"generator":"VisualSerializer","type":"Object","version":"0.0.1"},"data":[]},{"_id":"5d7b9b69c8b49a0cf8861ff6","metadata":{"generator":"SceneSerializer","type":"Object","version":"0.0.1"},"castShadow":false,"children":["E6F0515B-C032-48D4-B436-0FB5FC19999F","AC7EE17C-2FEC-4CFB-9365-0E2EF1998F2D","8082F6D0-63AF-479A-8F46-F02D1E8031B8"],"frustumCulled":true,"layers":{"mask":1},"matrix":{"elements":[1,0,0,0,0,1,0,0,0,0,1,0,0,0,0,1]},"matrixAutoUpdate":true,"matrixWorld":{"elements":[1,0,0,0,0,1,0,0,0,0,1,0,0,0,0,1]},"matrixWorldNeedsUpdate":false,"modelViewMatrix":{"elements":[1,0,0,0,0,1,0,0,0,0,1,0,0,0,0,1]},"name":"Scene","normalMatrix":{"elements":[1,0,0,0,1,0,0,0,1]},"parent":null,"position":{"x":0,"y":0,"z":0},"quaternion":{"x":0,"y":0,"z":0,"w":1},"receiveShadow":false,"renderOrder":0,"rotation":{"x":0,"y":0,"z":0,"order":"XYZ"},"scale":{"x":1,"y":1,"z":1},"type":"Scene","up":{"x":0,"y":1,"z":0},"userData":{"children":[{"uuid":"E6F0515B-C032-48D4-B436-0FB5FC19999F","children":[]},{"uuid":"AC7EE17C-2FEC-4CFB-9365-0E2EF1998F2D","children":[]},{"uuid":"8082F6D0-63AF-479A-8F46-F02D1E8031B8","children":[]}]},"uuid":"F7F7E9A5-5D7C-411B-97BC-D9D2B1789290","visible":true,"isObject3D":true,"background":11184810,"fog":null,"overrideMaterial":null},{"_id":"5d7b9b69c8b49a0cf8861ff7","metadata":{"generator":"AmbientLightSerializer","type":"Object","version":"0.0.1"},"children":[],"frustumCulled":true,"layers":{"mask":1},"matrix":{"elements":[1,0,0,0,0,1,0,0,0,0,1,0,0,0,0,1]},"matrixAutoUpdate":true,"matrixWorld":{"elements":[1,0,0,0,0,1,0,0,0,0,1,0,0,0,0,1]},"matrixWorldNeedsUpdate":false,"modelViewMatrix":{"elements":[1,0,0,0,0,1,0,0,0,0,1,0,0,0,0,1]},"name":"Ambient","normalMatrix":{"elements":[1,0,0,0,1,0,0,0,1]},"parent":"F7F7E9A5-5D7C-411B-97BC-D9D2B1789290","position":{"x":0,"y":0,"z":0},"quaternion":{"x":0,"y":0,"z":0,"w":1},"renderOrder":0,"rotation":{"x":0,"y":0,"z":0,"order":"XYZ"},"scale":{"x":1,"y":1,"z":1},"type":"AmbientLight","up":{"x":0,"y":1,"z":0},"userData":{},"uuid":"E6F0515B-C032-48D4-B436-0FB5FC19999F","visible":true,"isObject3D":true,"color":16777215,"intensity":0.24,"isLight":true,"shadow":null,"isAmbientLight":true},{"_id":"5d7b9b69c8b49a0cf8861ff8","metadata":{"generator":"DirectionalLightSerializer","type":"Object","version":"0.0.1"},"castShadow":true,"children":[],"frustumCulled":true,"layers":{"mask":1},"matrix":{"elements":[1,0,0,0,0,1,0,0,0,0,1,0,5,10,7.5,1]},"matrixAutoUpdate":true,"matrixWorld":{"elements":[1,0,0,0,0,1,0,0,0,0,1,0,5,10,7.5,1]},"matrixWorldNeedsUpdate":false,"modelViewMatrix":{"elements":[1,0,0,0,0,1,0,0,0,0,1,0,0,0,0,1]},"name":"Directional","normalMatrix":{"elements":[1,0,0,0,1,0,0,0,1]},"parent":"F7F7E9A5-5D7C-411B-97BC-D9D2B1789290","position":{"x":5,"y":10,"z":7.5},"quaternion":{"x":0,"y":0,"z":0,"w":1},"renderOrder":0,"rotation":{"x":0,"y":0,"z":0,"order":"XYZ"},"scale":{"x":1,"y":1,"z":1},"type":"DirectionalLight","up":{"x":0,"y":1,"z":0},"userData":{},"uuid":"AC7EE17C-2FEC-4CFB-9365-0E2EF1998F2D","visible":true,"isObject3D":true,"color":16777215,"intensity":0.56,"isLight":true,"shadow":{"metadata":{"generator":"DirectionalLightShadowSerializer","type":"Object","version":"0.0.1"},"bias":0,"camera":{"metadata":{"generator":"OrthographicCameraSerializer","type":"Object","version":"0.0.1"},"castShadow":false,"children":[],"frustumCulled":true,"layers":{"mask":1},"matrix":{"elements":[0.83205029433784372,2.7755575615628914E-17,-0.554700196225229,0,-0.41202096209968375,0.66953406341198618,-0.61803144314952574,0,0.37139067635410372,0.74278135270820744,0.55708601453115558,0,5,10,7.5,1]},"matrixAutoUpdate":true,"matrixWorld":{"elements":[0.83205029433784372,2.7755575615628914E-17,-0.554700196225229,0,-0.41202096209968375,0.66953406341198618,-0.61803144314952574,0,0.37139067635410372,0.74278135270820744,0.55708601453115558,0,5,10,7.5,1]},"matrixWorldNeedsUpdate":false,"modelViewMatrix":{"elements":[1,0,0,0,0,1,0,0,0,0,1,0,0,0,0,1]},"name":"","normalMatrix":{"elements":[1,0,0,0,1,0,0,0,1]},"parent":null,"position":{"x":5,"y":10,"z":7.5},"quaternion":{"x":-0.38904698186552672,"y":0.26476298577359092,"z":0.1177939480420426,"w":0.87445273918619892},"receiveShadow":false,"renderOrder":0,"rotation":{"x":-0.92729521800161219,"y":0.3805063771123649,"z":0.45979025757734426,"order":"XYZ"},"scale":{"x":1,"y":1,"z":1},"type":"OrthographicCamera","up":{"x":0,"y":1,"z":0},"userData":{},"uuid":"80F5D225-C11E-455B-9A5B-A7C4B43926A6","visible":true,"isObject3D":true,"matrixWorldInverse":{"elements":[0.83205029433784372,-0.41202096209968375,0.37139067635410367,0,-5.5511151231257827E-17,0.66953406341198618,0.74278135270820744,0,-0.55470019622522915,-0.61803144314952574,0.55708601453115558,0,0,0,-13.46291201783626,1]},"projectionMatrix":{"elements":[0.05,0,0,0,0,0.05,0,0,0,0,-0.0040008001600320064,0,0,0,-1.0004000800160033,1]},"bottom":-20,"far":500,"left":-20,"near":0.1,"right":20,"top":20,"view":null,"zoom":1},"map":{"metadata":{"generator":"WebGLRenderTargetSerializer","type":"Object","version":"0.0.1"},"depthBuffer":true,"depthTexture":null,"height":2048,"scissor":{"x":0,"y":0,"z":2048,"w":2048},"scissorTest":false,"stencilBuffer":true,"texture":{"metadata":{"generator":"TextureSerializer","type":"Object","version":"0.0.1"},"anisotropy":1,"center":{"x":0,"y":0},"encoding":3000,"flipY":true,"format":1023,"generateMipmaps":false,"image":null,"magFilter":1003,"mapping":300,"matrix":{"elements":[1,0,0,0,1,0,0,0,1]},"matrixAutoUpdate":true,"minFilter":1003,"mipmaps":[],"name":"Directional.shadowMap","offset":{"x":0,"y":0},"premultiplyAlpha":false,"repeat":{"x":1,"y":1},"rotation":0,"type":1009,"unpackAlignment":4,"uuid":"E68FABD8-ED44-4822-8EB0-CC5B0EF713E0","version":0,"wrapS":1001,"wrapT":1001,"isTexture":true},"viewport":{"x":0,"y":0,"z":2048,"w":2048},"width":2048,"isWebGLRenderTarget":true},"mapSize":{"x":2048,"y":2048},"matrix":{"elements":[0.020801257358446096,-0.010300524052492094,-0.00074292993869594652,0,-1.3877787807814458E-18,0.016738351585299655,-0.0014858598773918933,0,-0.013867504905630729,-0.015450786078738144,-0.00111439490804392,0,0.5,0.5,0.0267311702697264,1]},"radius":0},"isDirectionalLight":true},{"_id":"5d7b9b69c8b49a0cf8861ff9","metadata":{"generator":"MeshSerializer","type":"Object","version":"0.0.1"},"castShadow":true,"children":[],"frustumCulled":true,"layers":{"mask":1},"matrix":{"elements":[1,0,0,0,0,1,0,0,0,0,1,0,0,0,0,1]},"matrixAutoUpdate":true,"matrixWorld":{"elements":[1,0,0,0,0,1,0,0,0,0,1,0,0,0,0,1]},"matrixWorldNeedsUpdate":false,"modelViewMatrix":{"elements":[0.94752351422969072,-0.10051305841650876,0.303473746919856,0,0,0.9492867082901677,0.31441174511079917,0,-0.31968608036919177,-0.29791252164247417,0.89947147785063486,0,-1.6653345369377348E-16,-2.2204460492503131E-16,-4.4578106683208727,1]},"name":"Box","normalMatrix":{"elements":[0.9475235142296905,-0.10051305841650875,0.303473746919856,0,0.94928670829016759,0.31441174511079911,-0.31968608036919172,-0.29791252164247417,0.89947147785063475]},"parent":"F7F7E9A5-5D7C-411B-97BC-D9D2B1789290","position":{"x":0,"y":0,"z":0},"quaternion":{"x":0,"y":0,"z":0,"w":1},"receiveShadow":true,"renderOrder":0,"rotation":{"x":0,"y":0,"z":0,"order":"XYZ"},"scale":{"x":1,"y":1,"z":1},"type":"Mesh","up":{"x":0,"y":1,"z":0},"userData":{"physics":{"enabled":false,"type":"rigidBody","shape":"btBoxShape","mass":1,"inertia":{"x":0,"y":0,"z":0}}},"uuid":"8082F6D0-63AF-479A-8F46-F02D1E8031B8","visible":true,"isObject3D":true,"drawMode":0,"geometry":{"metadata":{"generator":"BoxBufferGeometrySerializer","type":"Object","version":"0.0.1"},"boundingBox":null,"boundingSphere":{"center":{"x":0,"y":0,"z":0},"radius":0.8660254037844386},"drawRange":{"start":0,"count":null},"groups":[{"start":0,"count":6,"materialIndex":0},{"start":6,"count":6,"materialIndex":1},{"start":12,"count":6,"materialIndex":2},{"start":18,"count":6,"materialIndex":3},{"start":24,"count":6,"materialIndex":4},{"start":30,"count":6,"materialIndex":5}],"morphAttributes":{},"name":"","parameters":{"width":1,"height":1,"depth":1},"type":"BoxBufferGeometry","userData":{},"uuid":"8CEB547F-9103-452A-9BA1-EDDB7BF458CF"},"material":{"metadata":{"generator":"MeshBasicMaterialSerializer","type":"Object","version":"0.0.1"},"alphaMap":null,"alphaTest":0,"aoMap":null,"aoMapIntensity":1,"blendDst":205,"blendDstAlpha":null,"blendEquation":100,"blendEquationAlpha":null,"blendSrc":204,"blendSrcAlpha":null,"blending":1,"bumpMap":null,"clipIntersection":false,"clippingPlanes":null,"color":16777215,"colorWrite":true,"depthFunc":3,"depthTest":true,"depthWrite":true,"displacementMap":null,"dithering":false,"emissiveMap":null,"envMap":null,"flatShading":false,"fog":true,"lightMap":null,"lightMapIntensity":1,"lights":false,"map":{"metadata":{"generator":"VideoTextureSerializer","type":"Object","version":"0.0.1"},"anisotropy":1,"center":{"x":0,"y":0},"encoding":3000,"flipY":true,"format":1022,"generateMipmaps":false,"image":{"tagName":"video","src":"http://localhost:2000/Upload/Texture/20190913211855/sintel.mp4"},"magFilter":1006,"mapping":300,"matrix":{"elements":[1,0,0,0,1,0,0,0,1]},"matrixAutoUpdate":true,"minFilter":1006,"mipmaps":[],"name":"","offset":{"x":0,"y":0},"premultiplyAlpha":false,"repeat":{"x":1,"y":1},"rotation":0,"type":1009,"unpackAlignment":4,"uuid":"8E7982EC-2443-49A3-903E-5727CC916D62","version":3560,"wrapS":1001,"wrapT":1001,"isTexture":true},"metalnessMap":null,"morphTargets":false,"name":"","normalMap":null,"normalScale":null,"opacity":1,"polygonOffset":false,"polygonOffsetFactor":0,"polygonOffsetUnits":0,"precision":null,"premultipliedAlpha":false,"refractionRatio":0.98,"roughnessMap":null,"shadowSide":null,"side":0,"skinning":false,"transparent":false,"type":"MeshBasicMaterial","userData":{},"uuid":"F415FCB4-24CE-4766-87DE-59F69AF650DD","vertexColors":0,"visible":true,"wireframe":false,"wireframeLinecap":"round","wireframeLinejoin":"round","wireframeLinewidth":1}}]}