{"Code":200,"Msg":"Get Successfully!","Data":[{"_id":"5d7b8fb5c8b49a0cf88618bc","metadata":{"generator":"OptionsSerializer","type":"Object","version":"0.0.1"},"server":"http://localhost:2000","sceneType":"Empty","shadowMapType":2,"gammaInput":false,"gammaOutput":false,"gammaFactor":2,"hueRotate":0,"saturate":1,"brightness":1,"blur":0,"contrast":1,"grayscale":0,"invert":0,"sepia":0,"theme":"assets/css/light.css","showGrid":true,"showCameraHelper":true,"showPointLightHelper":false,"showDirectionalLightHelper":true,"showSpotLightHelper":true,"showHemisphereLightHelper":true,"showRectAreaLightHelper":true,"showSkeletonHelper":false,"selected":"913E6DB2-8ED7-4A66-88FE-79B04D00A0F1"},{"_id":"5d7b8fb5c8b49a0cf88618bd","metadata":{"generator":"PerspectiveCameraSerializer","type":"Object","version":"0.0.1"},"castShadow":false,"children":["32AB21BD-F550-473B-AE9A-8BD1D1E87F82"],"frustumCulled":true,"layers":{"mask":1},"matrix":{"elements":[-0.053779552111980156,0,0.99855283274077933,0,0.51752858458326323,0.85521182849696586,0.027872792076150649,0,-0.85397419393906682,0.51827862043390927,-0.045992909097434476,0,-24.970951420191689,15.154919603931923,-1.3448728391285245,1]},"matrixAutoUpdate":true,"matrixWorld":{"elements":[-0.053779552111980156,0,0.99855283274077933,0,0.51752858458326323,0.85521182849696586,0.027872792076150649,0,-0.85397419393906682,0.51827862043390927,-0.045992909097434476,0,-24.970951420191689,15.154919603931923,-1.3448728391285245,1]},"matrixWorldNeedsUpdate":false,"modelViewMatrix":{"elements":[1,0,0,0,0,1,0,0,0,0,1,0,0,0,0,1]},"name":"默认相机","normalMatrix":{"elements":[1,0,0,0,1,0,0,0,1]},"parent":null,"position":{"x":-24.970951420191689,"y":15.154919603931923,"z":-1.3448728391285245},"quaternion":{"x":-0.18506858761584066,"y":-0.69910376370507055,"z":-0.19530413111195311,"w":0.66246497403401472},"receiveShadow":false,"renderOrder":0,"rotation":{"x":-1.6593061396630853,"y":-1.0235761299487092,"z":-1.6743407837581237,"order":"XYZ"},"scale":{"x":1,"y":1,"z":1},"type":"PerspectiveCamera","up":{"x":0,"y":1,"z":0},"userData":{"isDefault":true,"control":"OrbitControls","orbitOptions":{"minDistance":0,"maxDistance":99999,"minPolarAngle":0,"maxPolarAngle":3.1415926535897931,"minAzimuthAngle":-9999,"maxAzimuthAngle":9999,"enableDamping":false,"dampingFactor":0.25,"enableZoom":true,"zoomSpeed":1,"enableRotate":true,"rotateSpeed":1,"enablePan":true,"panSpeed":1,"screenSpacePanning":false,"keyPanSpeed":7,"autoRotate":false,"autoRotateSpeed":2,"enableKeys":true}},"uuid":"913E6DB2-8ED7-4A66-88FE-79B04D00A0F1","visible":true,"isObject3D":true,"matrixWorldInverse":{"elements":[-0.053779552111980225,0.51752858458326323,-0.85397419393906682,0,-3.4694469519536142E-18,0.85521182849696586,0.51827862043390927,0,0.99855283274077933,0.027872792076150607,-0.045992909097434413,0,-3.219646771412954E-15,-1.0769163338864018E-14,-29.24087355030008,1]},"projectionMatrix":{"elements":[1.1615432125569514,0,0,0,0,2.1445069205095586,0,0,0,0,-1.0000200002000021,-1,0,0,-0.20000200002000021,0]},"aspect":1.8462566844919786,"far":10000,"filmGauge":35,"filmOffset":0,"focus":10,"fov":50,"near":0.1,"view":null,"zoom":1},{"_id":"5d7b8fb5c8b49a0cf88618be","metadata":{"generator":"WebGLRendererSerializer","type":"Object","version":"0.0.1"},"antialias":true,"autoClear":false,"autoClearColor":true,"autoClearDepth":true,"autoClearStencil":true,"autoUpdateScene":false,"clippingPlanes":[],"gammaFactor":2,"gammaInput":false,"gammaOutput":false,"localClippingEnabled":false,"physicallyCorrectLights":false,"shadowMap":{"metadata":{"generator":"WebGLShadowMapSerializer","type":"Object","version":"0.0.1"},"autoUpdate":true,"enabled":true,"needsUpdate":false,"type":2},"sortObjects":true,"toneMapping":1,"toneMappingExposure":1,"toneMappingWhitePoint":1},{"_id":"5d7b8fb5c8b49a0cf88618bf","metadata":{"generator":"ScriptSerializer","type":"Object","version":"0.0.1"},"id":0,"name":"未命名","type":"javascript","source":"var box = this.getObjectByName('正方体');\n\n// 场景渲染前执行一次\nfunction init() {\n\n}\n\n// 场景渲染后执行一次\nfunction start() {\n\n}\n\n// 程序运行过程中，每帧都要执行\nfunction update(clock, deltaTime) {\n\tbox.material.uniforms.time.value = clock.getElapsedTime();\n\tbox.material.needsUpdate = true;\n}\n\n// 程序结束运行后执行一次\nfunction stop() {\n\n}\n\n// 监听鼠标点击事件\nfunction onClick(event) {\n\n}\n\n// 监听鼠标双击事件\nfunction onDblClick(event) {\n\n}\n\n// 监听键盘按下事件\nfunction onKeyDown(event) {\n\n}\n\n// 监听键盘抬起事件\nfunction onKeyUp(event) {\n\n}\n\n// 监听鼠标按下事件\nfunction onMouseDown(event) {\n\n}\n\n// 监听鼠标移动事件\nfunction onMouseMove(event) {\n\n}\n\n// 监听鼠标抬起事件\nfunction onMouseUp(event) {\n\n}\n\n// 监听鼠标滚轮事件\nfunction onMouseWheel(event) {\n\n}\n\n// 监听屏幕大小改变事件\nfunction onResize(event) {\n\n}\n","uuid":"ECD678E7-E2CC-4421-B23C-AFFF82B8419F"},{"_id":"5c38a6a3c8b49a2b484187fe","metadata":{"generator":"AnimationSerializer","type":"Object","version":"0.0.1"},"id":"5c2cba41c8b49a1f940b62be","uuid":"A7038739-EA40-467B-B6F2-8D39FDFC773C","name":"组1","type":"AnimationGroup","index":1,"animations":[],"layerName":"AnimLayer1"},{"_id":"5c38a6a3c8b49a2b484187ff","metadata":{"generator":"AnimationSerializer","type":"Object","version":"0.0.1"},"id":"5c2cba41c8b49a1f940b62bf","uuid":"57B2622E-17AA-4C1E-BF1B-3ED0FB9C61B0","name":"组2","type":"AnimationGroup","index":1,"animations":[],"layerName":"AnimLayer2"},{"_id":"5c38a6a3c8b49a2b48418800","metadata":{"generator":"AnimationSerializer","type":"Object","version":"0.0.1"},"id":"5c2cba41c8b49a1f940b62c0","uuid":"E71AF413-2086-46B3-8EC6-60E7A6021007","name":"组3","type":"AnimationGroup","index":2,"animations":[],"layerName":"AnimLayer3"},{"_id":"5d7b8fb5c8b49a0cf88618c0","metadata":{"generator":"AudioListenerSerializer","type":"Object","version":"0.0.1"},"castShadow":false,"children":[],"frustumCulled":true,"layers":{"mask":1},"matrix":{"elements":[1,0,0,0,0,1,0,0,0,0,1,0,0,0,0,1]},"matrixAutoUpdate":true,"matrixWorld":{"elements":[-0.053779552111980156,0,0.99855283274077933,0,0.51752858458326323,0.85521182849696586,0.027872792076150649,0,-0.85397419393906682,0.51827862043390927,-0.045992909097434476,0,-24.970951420191689,15.154919603931923,-1.3448728391285245,1]},"matrixWorldNeedsUpdate":false,"modelViewMatrix":{"elements":[1,0,0,0,0,1,0,0,0,0,1,0,0,0,0,1]},"name":"音频监听器","normalMatrix":{"elements":[1,0,0,0,1,0,0,0,1]},"parent":"913E6DB2-8ED7-4A66-88FE-79B04D00A0F1","position":{"x":0,"y":0,"z":0},"quaternion":{"x":0,"y":0,"z":0,"w":1},"receiveShadow":false,"renderOrder":0,"rotation":{"x":0,"y":0,"z":0,"order":"XYZ"},"scale":{"x":1,"y":1,"z":1},"type":"AudioListener","up":{"x":0,"y":1,"z":0},"userData":{},"uuid":"32AB21BD-F550-473B-AE9A-8BD1D1E87F82","visible":true,"isObject3D":true,"masterVolume":1},{"_id":"5d7b8fb5c8b49a0cf88618c1","metadata":{"generator":"VisualSerializer","type":"Object","version":"0.0.1"},"data":[]},{"_id":"5d7b8fb5c8b49a0cf88618c2","metadata":{"generator":"SceneSerializer","type":"Object","version":"0.0.1"},"castShadow":false,"children":["4F1284C7-30D8-40D8-9BFA-ED716717071A","A5588CA2-04BF-4556-94E2-E8DE850EF7CB","7CC2CCAD-E834-4C21-BF02-35EC1B3C4CC0"],"frustumCulled":true,"layers":{"mask":1},"matrix":{"elements":[1,0,0,0,0,1,0,0,0,0,1,0,0,0,0,1]},"matrixAutoUpdate":true,"matrixWorld":{"elements":[1,0,0,0,0,1,0,0,0,0,1,0,0,0,0,1]},"matrixWorldNeedsUpdate":false,"modelViewMatrix":{"elements":[1,0,0,0,0,1,0,0,0,0,1,0,0,0,0,1]},"name":"场景","normalMatrix":{"elements":[1,0,0,0,1,0,0,0,1]},"parent":null,"position":{"x":0,"y":0,"z":0},"quaternion":{"x":0,"y":0,"z":0,"w":1},"receiveShadow":false,"renderOrder":0,"rotation":{"x":0,"y":0,"z":0,"order":"XYZ"},"scale":{"x":1,"y":1,"z":1},"type":"Scene","up":{"x":0,"y":1,"z":0},"userData":{"children":[{"uuid":"4F1284C7-30D8-40D8-9BFA-ED716717071A","children":[]},{"uuid":"A5588CA2-04BF-4556-94E2-E8DE850EF7CB","children":[]},{"uuid":"7CC2CCAD-E834-4C21-BF02-35EC1B3C4CC0","children":[]}]},"uuid":"0763EC70-DBF6-46BF-B105-0E77BFB233A8","visible":true,"isObject3D":true,"background":11184810,"fog":null,"overrideMaterial":null},{"_id":"5d7b8fb5c8b49a0cf88618c3","metadata":{"generator":"AmbientLightSerializer","type":"Object","version":"0.0.1"},"children":[],"frustumCulled":true,"layers":{"mask":1},"matrix":{"elements":[1,0,0,0,0,1,0,0,0,0,1,0,0,0,0,1]},"matrixAutoUpdate":true,"matrixWorld":{"elements":[1,0,0,0,0,1,0,0,0,0,1,0,0,0,0,1]},"matrixWorldNeedsUpdate":false,"modelViewMatrix":{"elements":[1,0,0,0,0,1,0,0,0,0,1,0,0,0,0,1]},"name":"环境光","normalMatrix":{"elements":[1,0,0,0,1,0,0,0,1]},"parent":"0763EC70-DBF6-46BF-B105-0E77BFB233A8","position":{"x":0,"y":0,"z":0},"quaternion":{"x":0,"y":0,"z":0,"w":1},"renderOrder":0,"rotation":{"x":0,"y":0,"z":0,"order":"XYZ"},"scale":{"x":1,"y":1,"z":1},"type":"AmbientLight","up":{"x":0,"y":1,"z":0},"userData":{},"uuid":"4F1284C7-30D8-40D8-9BFA-ED716717071A","visible":true,"isObject3D":true,"color":16777215,"intensity":0.24,"isLight":true,"shadow":null,"isAmbientLight":true},{"_id":"5d7b8fb5c8b49a0cf88618c4","metadata":{"generator":"DirectionalLightSerializer","type":"Object","version":"0.0.1"},"castShadow":true,"children":[],"frustumCulled":true,"layers":{"mask":1},"matrix":{"elements":[1,0,0,0,0,1,0,0,0,0,1,0,5,10,7.5,1]},"matrixAutoUpdate":true,"matrixWorld":{"elements":[1,0,0,0,0,1,0,0,0,0,1,0,5,10,7.5,1]},"matrixWorldNeedsUpdate":false,"modelViewMatrix":{"elements":[1,0,0,0,0,1,0,0,0,0,1,0,0,0,0,1]},"name":"平行光","normalMatrix":{"elements":[1,0,0,0,1,0,0,0,1]},"parent":"0763EC70-DBF6-46BF-B105-0E77BFB233A8","position":{"x":5,"y":10,"z":7.5},"quaternion":{"x":0,"y":0,"z":0,"w":1},"renderOrder":0,"rotation":{"x":0,"y":0,"z":0,"order":"XYZ"},"scale":{"x":1,"y":1,"z":1},"type":"DirectionalLight","up":{"x":0,"y":1,"z":0},"userData":{},"uuid":"A5588CA2-04BF-4556-94E2-E8DE850EF7CB","visible":true,"isObject3D":true,"color":16777215,"intensity":0.56,"isLight":true,"shadow":{"metadata":{"generator":"DirectionalLightShadowSerializer","type":"Object","version":"0.0.1"},"bias":0,"camera":{"metadata":{"generator":"OrthographicCameraSerializer","type":"Object","version":"0.0.1"},"castShadow":false,"children":[],"frustumCulled":true,"layers":{"mask":1},"matrix":{"elements":[0.83205029433784372,2.7755575615628914E-17,-0.554700196225229,0,-0.41202096209968375,0.66953406341198618,-0.61803144314952574,0,0.37139067635410372,0.74278135270820744,0.55708601453115558,0,5,10,7.5,1]},"matrixAutoUpdate":true,"matrixWorld":{"elements":[0.83205029433784372,2.7755575615628914E-17,-0.554700196225229,0,-0.41202096209968375,0.66953406341198618,-0.61803144314952574,0,0.37139067635410372,0.74278135270820744,0.55708601453115558,0,5,10,7.5,1]},"matrixWorldNeedsUpdate":false,"modelViewMatrix":{"elements":[1,0,0,0,0,1,0,0,0,0,1,0,0,0,0,1]},"name":"","normalMatrix":{"elements":[1,0,0,0,1,0,0,0,1]},"parent":null,"position":{"x":5,"y":10,"z":7.5},"quaternion":{"x":-0.38904698186552672,"y":0.26476298577359092,"z":0.1177939480420426,"w":0.87445273918619892},"receiveShadow":false,"renderOrder":0,"rotation":{"x":-0.92729521800161219,"y":0.3805063771123649,"z":0.45979025757734426,"order":"XYZ"},"scale":{"x":1,"y":1,"z":1},"type":"OrthographicCamera","up":{"x":0,"y":1,"z":0},"userData":{},"uuid":"53E1B9BB-BAF3-42AD-B4B6-0927F766D3E0","visible":true,"isObject3D":true,"matrixWorldInverse":{"elements":[0.83205029433784372,-0.41202096209968375,0.37139067635410367,0,-5.5511151231257827E-17,0.66953406341198618,0.74278135270820744,0,-0.55470019622522915,-0.61803144314952574,0.55708601453115558,0,0,0,-13.46291201783626,1]},"projectionMatrix":{"elements":[0.01,0,0,0,0,0.01,0,0,0,0,-0.004004004004004004,0,0,0,-1.002002002002002,1]},"bottom":-100,"far":500,"left":-100,"near":0.5,"right":100,"top":100,"view":null,"zoom":1},"map":{"metadata":{"generator":"WebGLRenderTargetSerializer","type":"Object","version":"0.0.1"},"depthBuffer":true,"depthTexture":null,"height":2048,"scissor":{"x":0,"y":0,"z":2048,"w":2048},"scissorTest":false,"stencilBuffer":true,"texture":{"metadata":{"generator":"TextureSerializer","type":"Object","version":"0.0.1"},"anisotropy":1,"center":{"x":0,"y":0},"encoding":3000,"flipY":true,"format":1023,"generateMipmaps":false,"image":null,"magFilter":1003,"mapping":300,"matrix":{"elements":[1,0,0,0,1,0,0,0,1]},"matrixAutoUpdate":true,"minFilter":1003,"mipmaps":[],"name":"平行光.shadowMap","offset":{"x":0,"y":0},"premultiplyAlpha":false,"repeat":{"x":1,"y":1},"rotation":0,"type":1009,"unpackAlignment":4,"uuid":"B8F24B53-2E2D-48A7-8A6A-16F1B3245E0F","version":0,"wrapS":1001,"wrapT":1001,"isTexture":true},"viewport":{"x":0,"y":0,"z":2048,"w":2048},"width":2048,"isWebGLRenderTarget":true},"mapSize":{"x":2048,"y":2048},"matrix":{"elements":[0.0041602514716892183,-0.0020601048104984189,-0.00074352487758579317,0,-2.7755575615628914E-19,0.0033476703170599309,-0.0014870497551715866,0,-0.002773500981126146,-0.0030901572157476286,-0.00111528731637869,0,0.5,0.5,0.025951775811484026,1]},"radius":1},"isDirectionalLight":true},{"_id":"5d7b8fb5c8b49a0cf88618c5","metadata":{"generator":"MeshSerializer","type":"Object","version":"0.0.1"},"castShadow":true,"children":[],"frustumCulled":true,"layers":{"mask":1},"matrix":{"elements":[1,0,0,0,0,1,0,0,0,0,1,0,0,0,0,1]},"matrixAutoUpdate":true,"matrixWorld":{"elements":[1,0,0,0,0,1,0,0,0,0,1,0,0,0,0,1]},"matrixWorldNeedsUpdate":false,"modelViewMatrix":{"elements":[-0.053779552111980225,0.51752858458326323,-0.85397419393906682,0,-3.4694469519536142E-18,0.85521182849696586,0.51827862043390927,0,0.99855283274077933,0.027872792076150607,-0.045992909097434413,0,-3.219646771412954E-15,-1.0769163338864018E-14,-29.24087355030008,1]},"name":"正方体","normalMatrix":{"elements":[-0.053779552111980169,0.51752858458326334,-0.853974193939067,0,0.85521182849696609,0.51827862043390938,0.99855283274077955,0.027872792076150652,-0.045992909097434476]},"parent":"0763EC70-DBF6-46BF-B105-0E77BFB233A8","position":{"x":0,"y":0,"z":0},"quaternion":{"x":0,"y":0,"z":0,"w":1},"receiveShadow":true,"renderOrder":0,"rotation":{"x":0,"y":0,"z":0,"order":"XYZ"},"scale":{"x":1,"y":1,"z":1},"type":"Mesh","up":{"x":0,"y":1,"z":0},"userData":{},"uuid":"7CC2CCAD-E834-4C21-BF02-35EC1B3C4CC0","visible":true,"isObject3D":true,"drawMode":0,"geometry":{"metadata":{"generator":"BoxBufferGeometrySerializer","type":"Object","version":"0.0.1"},"boundingBox":null,"boundingSphere":{"center":{"x":0,"y":0,"z":0},"radius":1.7320508075688772},"drawRange":{"start":0,"count":null},"groups":[{"start":0,"count":6,"materialIndex":0},{"start":6,"count":6,"materialIndex":1},{"start":12,"count":6,"materialIndex":2},{"start":18,"count":6,"materialIndex":3},{"start":24,"count":6,"materialIndex":4},{"start":30,"count":6,"materialIndex":5}],"morphAttributes":{},"name":"","parameters":{"width":2,"height":2,"depth":2,"widthSegments":1,"heightSegments":1,"depthSegments":1},"type":"BoxBufferGeometry","userData":{},"uuid":"1FDE1357-6F33-4357-B0AE-09784877D48B"},"material":{"metadata":{"generator":"ShaderMaterialSerializer","type":"Object","version":"0.0.1"},"alphaMap":null,"alphaTest":0,"aoMap":null,"blendDst":205,"blendDstAlpha":null,"blendEquation":100,"blendEquationAlpha":null,"blendSrc":204,"blendSrcAlpha":null,"blending":1,"bumpMap":null,"clipIntersection":false,"clippingPlanes":null,"color":null,"colorWrite":true,"depthFunc":3,"depthTest":true,"depthWrite":true,"displacementMap":null,"dithering":false,"emissiveMap":null,"envMap":null,"flatShading":false,"fog":false,"lightMap":null,"lights":false,"linewidth":1,"map":null,"metalnessMap":null,"morphNormals":false,"morphTargets":false,"name":"","normalMap":null,"normalScale":null,"opacity":1,"polygonOffset":false,"polygonOffsetFactor":0,"polygonOffsetUnits":0,"precision":null,"premultipliedAlpha":false,"roughnessMap":null,"shadowSide":null,"side":0,"skinning":false,"transparent":false,"type":"ShaderMaterial","userData":{},"uuid":"72B3316E-08C6-4F51-8C3B-D5F9E30C1DD9","vertexColors":0,"visible":true,"wireframe":false,"wireframeLinewidth":1,"defines":{},"uniforms":{"time":{"value":1}},"vertexShader":"varying vec2 vUv;\n\t\t\tvoid main()\t{\n\t\t\t\tvUv = uv;\n\t\t\t\tgl_Position = vec4( position, 1.0 );\n\t\t\t}\n","fragmentShader":"varying vec2 vUv;\n\t\t\tuniform float time;\n\t\t\tvoid main()\t{\n\t\t\t\tvec2 p = - 1.0 + 2.0 * vUv;\n\t\t\t\tfloat a = time * 40.0;\n\t\t\t\tfloat d, e, f, g = 1.0 / 40.0 ,h ,i ,r ,q;\n\t\t\t\te = 400.0 * ( p.x * 0.5 + 0.5 );\n\t\t\t\tf = 400.0 * ( p.y * 0.5 + 0.5 );\n\t\t\t\ti = 200.0 + sin( e * g + a / 150.0 ) * 20.0;\n\t\t\t\td = 200.0 + cos( f * g / 2.0 ) * 18.0 + cos( e * g ) * 7.0;\n\t\t\t\tr = sqrt( pow( abs( i - e ), 2.0 ) + pow( abs( d - f ), 2.0 ) );\n\t\t\t\tq = f / r;\n\t\t\t\te = ( r * cos( q ) ) - a / 2.0;\n\t\t\t\tf = ( r * sin( q ) ) - a / 2.0;\n\t\t\t\td = sin( e * g ) * 176.0 + sin( e * g ) * 164.0 + r;\n\t\t\t\th = ( ( f + d ) + a / 2.0 ) * g;\n\t\t\t\ti = cos( h + r * p.x / 1.3 ) * ( e + e + a ) + cos( q * g * 6.0 ) * ( r + h / 3.0 );\n\t\t\t\th = sin( f * g ) * 144.0 - sin( e * g ) * 212.0 * p.x;\n\t\t\t\th = ( h + ( f - e ) * q + sin( r - ( a + h ) / 7.0 ) * 10.0 + i / 4.0 ) * g;\n\t\t\t\ti += cos( h * 2.3 * sin( a / 350.0 - q ) ) * 184.0 * sin( q - ( r * 4.3 + a / 12.0 ) * g ) + tan( r * g + h ) * 184.0 * cos( r * g + h );\n\t\t\t\ti = mod( i / 5.6, 256.0 ) / 64.0;\n\t\t\t\tif ( i < 0.0 ) i += 4.0;\n\t\t\t\tif ( i >= 2.0 ) i = 4.0 - i;\n\t\t\t\td = r / 350.0;\n\t\t\t\td += sin( d * d * 8.0 ) * 0.52;\n\t\t\t\tf = ( sin( a * g ) + 1.0 ) / 2.0;\n\t\t\t\tgl_FragColor = vec4( vec3( f * i / 1.6, i / 2.0 + d / 13.0, i ) * d * p.x + vec3( i / 1.3 + d / 8.0, i / 2.0 + d / 18.0, i ) * d * ( 1.0 - p.x ), 1.0 );\n\t\t\t}"}}]}