{"Code":200,"Msg":"Get Successfully!","Data":[{"_id":"5d7b0ac9c8b49a1a38e73677","metadata":{"generator":"OptionsSerializer","type":"Object","version":"0.0.1"},"server":"http://localhost:2000","sceneType":"Empty","shadowMapType":2,"gammaInput":false,"gammaOutput":false,"gammaFactor":2,"hueRotate":0,"saturate":1,"brightness":1,"blur":0,"contrast":1,"grayscale":0,"invert":0,"sepia":0},{"_id":"5d7b0ac9c8b49a1a38e73678","metadata":{"generator":"PerspectiveCameraSerializer","type":"Object","version":"0.0.1"},"castShadow":false,"children":["03FB5C58-1E28-4A8B-8ADA-94F6A897C8A9"],"frustumCulled":true,"layers":{"mask":1},"matrix":{"elements":[0.99896968035512468,1.7347234759768071E-18,-0.045382570786370466,0,-0.011659823484181058,0.96643189268959528,-0.25665822665311994,0,0.043859163780191543,0.25692293940480776,0.96543615892512324,0,1.2469696631046245,30.987463103503909,79.42678887152141,1]},"matrixAutoUpdate":true,"matrixWorld":{"elements":[0.99896968035512468,1.7347234759768071E-18,-0.045382570786370466,0,-0.011659823484181058,0.96643189268959528,-0.25665822665311994,0,0.043859163780191543,0.25692293940480776,0.96543615892512324,0,1.2469696631046245,30.987463103503909,79.42678887152141,1]},"matrixWorldNeedsUpdate":false,"modelViewMatrix":{"elements":[1,0,0,0,0,1,0,0,0,0,1,0,0,0,0,1]},"name":"DefaultCamera","normalMatrix":{"elements":[1,0,0,0,1,0,0,0,1]},"parent":null,"position":{"x":1.2469696631046245,"y":30.987463103503909,"z":79.42678887152141},"quaternion":{"x":-0.12951991038099719,"y":0.022505851513258446,"z":0.0029404880718679654,"w":0.99131701942035733},"receiveShadow":false,"renderOrder":0,"rotation":{"x":-0.260092982715734,"y":0.04387323740595004,"z":0.011671319236339817,"order":"XYZ"},"scale":{"x":1,"y":1,"z":1},"type":"PerspectiveCamera","up":{"x":0,"y":1,"z":0},"userData":{"isDefault":true,"control":"OrbitControls"},"uuid":"F8547D8F-30D2-4619-A4CB-21048424035F","visible":true,"isObject3D":true,"matrixWorldInverse":{"elements":[0.9989696803551249,-0.011659823484181061,0.04385916378019155,0,-1.7347234759768075E-18,0.96643189268959551,0.25692293940480787,0,-0.045382570786370466,-0.25665822665311994,0.96543615892512336,0,2.3589069825317583,-9.5471943900899188,-84.697575115811645,1.0000000000000002]},"projectionMatrix":{"elements":[1.1615432125569514,0,0,0,0,2.1445069205095586,0,0,0,0,-1.0000200002000021,-1,0,0,-0.20000200002000021,0]},"aspect":1.8462566844919786,"far":10000,"filmGauge":35,"filmOffset":0,"focus":10,"fov":50,"near":0.1,"view":null,"zoom":1},{"_id":"5d7b0ac9c8b49a1a38e73679","metadata":{"generator":"WebGLRendererSerializer","type":"Object","version":"0.0.1"},"antialias":true,"autoClear":false,"autoClearColor":true,"autoClearDepth":true,"autoClearStencil":true,"autoUpdateScene":false,"clippingPlanes":[],"gammaFactor":2,"gammaInput":false,"gammaOutput":false,"localClippingEnabled":false,"physicallyCorrectLights":false,"shadowMap":{"metadata":{"generator":"WebGLShadowMapSerializer","type":"Object","version":"0.0.1"},"autoUpdate":true,"enabled":true,"needsUpdate":false,"type":2},"sortObjects":true,"toneMapping":1,"toneMappingExposure":1,"toneMappingWhitePoint":1},{"_id":"5d7b0ac9c8b49a1a38e7367a","metadata":{"generator":"AnimationSerializer","type":"Object","version":"0.0.1"},"id":null,"uuid":"7774A7BD-94B4-4F1A-81FC-F4E762108CCC","layer":0,"layerName":"AnimLayer1","animations":[]},{"_id":"5d7b0ac9c8b49a1a38e7367b","metadata":{"generator":"AnimationSerializer","type":"Object","version":"0.0.1"},"id":null,"uuid":"216992BB-85C1-49B4-96D1-17C461E0ED40","layer":1,"layerName":"AnimLayer2","animations":[]},{"_id":"5d7b0ac9c8b49a1a38e7367c","metadata":{"generator":"AnimationSerializer","type":"Object","version":"0.0.1"},"id":null,"uuid":"F59FFA7F-3317-40A5-AFDD-350DB4CEA3F2","layer":2,"layerName":"AnimLayer3","animations":[]},{"_id":"5d7b0ac9c8b49a1a38e7367d","metadata":{"generator":"AudioListenerSerializer","type":"Object","version":"0.0.1"},"castShadow":false,"children":[],"frustumCulled":true,"layers":{"mask":1},"matrix":{"elements":[1,0,0,0,0,1,0,0,0,0,1,0,0,0,0,1]},"matrixAutoUpdate":true,"matrixWorld":{"elements":[0.99896968035512468,1.7347234759768071E-18,-0.045382570786370466,0,-0.011659823484181058,0.96643189268959528,-0.25665822665311994,0,0.043859163780191543,0.25692293940480776,0.96543615892512324,0,1.2469696631046245,30.987463103503909,79.42678887152141,1]},"matrixWorldNeedsUpdate":false,"modelViewMatrix":{"elements":[1,0,0,0,0,1,0,0,0,0,1,0,0,0,0,1]},"name":"AudioListener","normalMatrix":{"elements":[1,0,0,0,1,0,0,0,1]},"parent":"F8547D8F-30D2-4619-A4CB-21048424035F","position":{"x":0,"y":0,"z":0},"quaternion":{"x":0,"y":0,"z":0,"w":1},"receiveShadow":false,"renderOrder":0,"rotation":{"x":0,"y":0,"z":0,"order":"XYZ"},"scale":{"x":1,"y":1,"z":1},"type":"AudioListener","up":{"x":0,"y":1,"z":0},"userData":{},"uuid":"03FB5C58-1E28-4A8B-8ADA-94F6A897C8A9","visible":true,"isObject3D":true,"masterVolume":1},{"_id":"5d7b0ac9c8b49a1a38e7367e","metadata":{"generator":"VisualSerializer","type":"Object","version":"0.0.1"},"data":[]},{"_id":"5d7b0ac9c8b49a1a38e7367f","metadata":{"generator":"SceneSerializer","type":"Object","version":"0.0.1"},"castShadow":false,"children":["7DC6B6C0-E74F-4BC6-82AF-36E74FFB2D89","021DD9EF-5E87-4FC9-8758-2405297E58D9","0973BE7B-F934-4916-A455-3ABF9221D760"],"frustumCulled":true,"layers":{"mask":1},"matrix":{"elements":[1,0,0,0,0,1,0,0,0,0,1,0,0,0,0,1]},"matrixAutoUpdate":true,"matrixWorld":{"elements":[1,0,0,0,0,1,0,0,0,0,1,0,0,0,0,1]},"matrixWorldNeedsUpdate":false,"modelViewMatrix":{"elements":[1,0,0,0,0,1,0,0,0,0,1,0,0,0,0,1]},"name":"Scene","normalMatrix":{"elements":[1,0,0,0,1,0,0,0,1]},"parent":null,"position":{"x":0,"y":0,"z":0},"quaternion":{"x":0,"y":0,"z":0,"w":1},"receiveShadow":false,"renderOrder":0,"rotation":{"x":0,"y":0,"z":0,"order":"XYZ"},"scale":{"x":1,"y":1,"z":1},"type":"Scene","up":{"x":0,"y":1,"z":0},"userData":{"children":[{"uuid":"7DC6B6C0-E74F-4BC6-82AF-36E74FFB2D89","children":[]},{"uuid":"021DD9EF-5E87-4FC9-8758-2405297E58D9","children":[]},{"uuid":"0973BE7B-F934-4916-A455-3ABF9221D760","children":[]}]},"uuid":"0194C295-6CB7-43A6-BCA8-A84D1D777C65","visible":true,"isObject3D":true,"background":11184810,"fog":null,"overrideMaterial":null},{"_id":"5d7b0ac9c8b49a1a38e73680","metadata":{"generator":"AmbientLightSerializer","type":"Object","version":"0.0.1"},"children":[],"frustumCulled":true,"layers":{"mask":1},"matrix":{"elements":[1,0,0,0,0,1,0,0,0,0,1,0,0,0,0,1]},"matrixAutoUpdate":true,"matrixWorld":{"elements":[1,0,0,0,0,1,0,0,0,0,1,0,0,0,0,1]},"matrixWorldNeedsUpdate":false,"modelViewMatrix":{"elements":[1,0,0,0,0,1,0,0,0,0,1,0,0,0,0,1]},"name":"Ambient","normalMatrix":{"elements":[1,0,0,0,1,0,0,0,1]},"parent":"0194C295-6CB7-43A6-BCA8-A84D1D777C65","position":{"x":0,"y":0,"z":0},"quaternion":{"x":0,"y":0,"z":0,"w":1},"renderOrder":0,"rotation":{"x":0,"y":0,"z":0,"order":"XYZ"},"scale":{"x":1,"y":1,"z":1},"type":"AmbientLight","up":{"x":0,"y":1,"z":0},"userData":{},"uuid":"7DC6B6C0-E74F-4BC6-82AF-36E74FFB2D89","visible":true,"isObject3D":true,"color":16777215,"intensity":0.64,"isLight":true,"shadow":null,"isAmbientLight":true},{"_id":"5d7b0ac9c8b49a1a38e73681","metadata":{"generator":"DirectionalLightSerializer","type":"Object","version":"0.0.1"},"castShadow":true,"children":[],"frustumCulled":true,"layers":{"mask":1},"matrix":{"elements":[1,0,0,0,0,1,0,0,0,0,1,0,-7.8007135227804572,29.337377168396745,27.162647761229557,1]},"matrixAutoUpdate":true,"matrixWorld":{"elements":[1,0,0,0,0,1,0,0,0,0,1,0,-7.8007135227804572,29.337377168396745,27.162647761229557,1]},"matrixWorldNeedsUpdate":false,"modelViewMatrix":{"elements":[1,0,0,0,0,1,0,0,0,0,1,0,0,0,0,1]},"name":"Directional","normalMatrix":{"elements":[1,0,0,0,1,0,0,0,1]},"parent":"0194C295-6CB7-43A6-BCA8-A84D1D777C65","position":{"x":-7.8007135227804572,"y":29.337377168396745,"z":27.162647761229557},"quaternion":{"x":0,"y":0,"z":0,"w":1},"renderOrder":0,"rotation":{"x":0,"y":0,"z":0,"order":"XYZ"},"scale":{"x":1,"y":1,"z":1},"type":"DirectionalLight","up":{"x":0,"y":1,"z":0},"userData":{},"uuid":"021DD9EF-5E87-4FC9-8758-2405297E58D9","visible":true,"isObject3D":true,"color":16777215,"intensity":0.36,"isLight":true,"shadow":{"metadata":{"generator":"DirectionalLightShadowSerializer","type":"Object","version":"0.0.1"},"bias":0,"camera":{"metadata":{"generator":"OrthographicCameraSerializer","type":"Object","version":"0.0.1"},"castShadow":false,"children":[],"frustumCulled":true,"layers":{"mask":1},"matrix":{"elements":[0.961149581873528,0,0.27602804434394435,0,0.19879547982403267,0.69376619303485332,-0.6922202153964151,0,-0.19149892549535394,0.72020029811291153,0.6668130863534385,0,-7.8007135227804572,29.337377168396745,27.162647761229557,1]},"matrixAutoUpdate":true,"matrixWorld":{"elements":[0.961149581873528,0,0.27602804434394435,0,0.19879547982403267,0.69376619303485332,-0.6922202153964151,0,-0.19149892549535394,0.72020029811291153,0.6668130863534385,0,-7.8007135227804572,29.337377168396745,27.162647761229557,1]},"matrixWorldNeedsUpdate":false,"modelViewMatrix":{"elements":[1,0,0,0,0,1,0,0,0,0,1,0,0,0,0,1]},"name":"","normalMatrix":{"elements":[1,0,0,0,1,0,0,0,1]},"parent":null,"position":{"x":-7.8007135227804572,"y":29.337377168396745,"z":27.162647761229557},"quaternion":{"x":-0.3874823552386728,"y":-0.12826098862074831,"z":-0.054537398739436804,"w":0.91128053601262382},"receiveShadow":false,"renderOrder":0,"rotation":{"x":-0.82386994073196607,"y":-0.19268910912504647,"z":-0.20395506865281782,"order":"XYZ"},"scale":{"x":1,"y":1,"z":1},"type":"OrthographicCamera","up":{"x":0,"y":1,"z":0},"userData":{},"uuid":"FBCF87E3-C440-42CC-B3F6-BA76F9AC55C7","visible":true,"isObject3D":true,"matrixWorldInverse":{"elements":[0.96114958187352773,0.19879547982403262,-0.19149892549535388,0,0,0.69376619303485321,0.72020029811291142,0,0.27602804434394429,-0.692220215396415,0.66681308635343839,0,-4.4408920985006252E-16,0,-40.735025027436585,0.99999999999999978]},"projectionMatrix":{"elements":[0.05,0,0,0,0,0.05,0,0,0,0,-0.0040008001600320064,0,0,0,-1.0004000800160033,1]},"bottom":-20,"far":500,"left":-20,"near":0.1,"right":20,"top":20,"view":null,"zoom":1},"map":{"metadata":{"generator":"WebGLRenderTargetSerializer","type":"Object","version":"0.0.1"},"depthBuffer":true,"depthTexture":null,"height":2048,"scissor":{"x":0,"y":0,"z":2048,"w":2048},"scissorTest":false,"stencilBuffer":true,"texture":{"metadata":{"generator":"TextureSerializer","type":"Object","version":"0.0.1"},"anisotropy":1,"center":{"x":0,"y":0},"encoding":3000,"flipY":true,"format":1023,"generateMipmaps":false,"image":null,"magFilter":1003,"mapping":300,"matrix":{"elements":[1,0,0,0,1,0,0,0,1]},"matrixAutoUpdate":true,"minFilter":1003,"mipmaps":[],"name":"Directional.shadowMap","offset":{"x":0,"y":0},"premultiplyAlpha":false,"repeat":{"x":1,"y":1},"rotation":0,"type":1009,"unpackAlignment":4,"uuid":"D3B6F0EA-40BD-4FF9-AB80-8D06465ED2DC","version":0,"wrapS":1001,"wrapT":1001,"isTexture":true},"viewport":{"x":0,"y":0,"z":2048,"w":2048},"width":2048,"isWebGLRenderTarget":true},"mapSize":{"x":2048,"y":2048},"matrix":{"elements":[0.024028739546838193,0.0049698869956008159,0.00038307446588388454,0,0,0.01734415482587133,-0.0014406887339726174,0,0.0069007011085986079,-0.017305505384910377,-0.0013338929512971363,0,0.49999999999999989,0.49999999999999989,0.081286307316336376,0.99999999999999978]},"radius":0},"isDirectionalLight":true},{"_id":"5d7b0ac9c8b49a1a38e73682","metadata":{"generator":"ServerObject","type":"Object","version":"0.0.1"},"castShadow":false,"children":[],"frustumCulled":true,"layers":{"mask":1},"matrix":{"elements":[100,0,0,0,0,100,0,0,0,0,100,0,0,0,0,1]},"matrixAutoUpdate":true,"matrixWorld":{"elements":[100,0,0,0,0,100,0,0,0,0,100,0,0,0,0,1]},"matrixWorldNeedsUpdate":false,"modelViewMatrix":{"elements":[99.896968035512486,-1.1659823484181062,4.3859163780191546,0,-1.7347234759768076E-16,96.643189268959546,25.692293940480788,0,-4.5382570786370469,-25.665822665311993,96.543615892512335,0,2.3589069825317583,-9.5471943900899188,-84.697575115811645,1.0000000000000002]},"name":"bunny","normalMatrix":{"elements":[0.0099896968035512457,-0.00011659823484181057,0.00043859163780191534,4.2632564145605988E-20,0.0096643189268959522,0.0025692293940480773,-0.00045382570786370454,-0.002566582266531199,0.0096543615892512313]},"parent":"0194C295-6CB7-43A6-BCA8-A84D1D777C65","position":{"x":0,"y":0,"z":0},"quaternion":{"x":0,"y":0,"z":0,"w":1},"receiveShadow":false,"renderOrder":0,"rotation":{"x":0,"y":0,"z":0,"order":"XYZ"},"scale":{"x":100,"y":100,"z":100},"type":"Mesh","up":{"x":0,"y":1,"z":0},"userData":{"_children":[],"physics":{"enabled":false,"type":"rigidBody","shape":"btBoxShape","mass":1,"inertia":{"x":0,"y":0,"z":0}},"ID":"5d7b0a69c8b49a1a38e73674","Name":"bunny","CategoryID":"","CategoryName":"","TotalPinYin":"bunny","FirstPinYin":"bunny","Type":"drc","Url":"/Upload/Model/20190913111801/bunny.drc","FileName":null,"FileSize":0,"FileType":null,"SaveName":null,"SavePath":null,"AddTime":"0001-01-01 00:00:00","Thumbnail":"","id":"5d7b0a69c8b49a1a38e73674","src":null,"title":"bunny","icon":"model","cornerText":"drc","Server":true,"children":[]},"uuid":"0973BE7B-F934-4916-A455-3ABF9221D760","visible":true,"isObject3D":true}]}