{"Code":200,"Msg":"Get Successfully!","Data":[{"_id":"5d7b07bec8b49a1a38e735f0","metadata":{"generator":"OptionsSerializer","type":"Object","version":"0.0.1"},"server":"http://localhost:2000","sceneType":"Empty","shadowMapType":2,"gammaInput":false,"gammaOutput":false,"gammaFactor":2,"hueRotate":0,"saturate":1,"brightness":1,"blur":0,"contrast":1,"grayscale":0,"invert":0,"sepia":0,"selected":"C9EFDC94-9C9E-4B86-89E3-18F7A79DAAA5"},{"_id":"5d7b07bec8b49a1a38e735f1","metadata":{"generator":"PerspectiveCameraSerializer","type":"Object","version":"0.0.1"},"castShadow":false,"children":["78D92D12-C5B4-4238-83C3-818B1702E3BF"],"frustumCulled":true,"layers":{"mask":1},"matrix":{"elements":[0.99998542995134843,0,-0.0053981371802543721,0,-0.0022984831024160475,0.90482111788699338,-0.42578569915059333,0,0.0048843485179451028,0.42579190295933494,0.90480793459928477,0,0.75935104472382853,66.196244014778969,140.66704042270771,1]},"matrixAutoUpdate":true,"matrixWorld":{"elements":[0.99998542995134843,0,-0.0053981371802543721,0,-0.0022984831024160475,0.90482111788699338,-0.42578569915059333,0,0.0048843485179451028,0.42579190295933494,0.90480793459928477,0,0.75935104472382853,66.196244014778969,140.66704042270771,1]},"matrixWorldNeedsUpdate":false,"modelViewMatrix":{"elements":[1,0,0,0,0,1,0,0,0,0,1,0,0,0,0,1]},"name":"DefaultCamera","normalMatrix":{"elements":[1,0,0,0,1,0,0,0,1]},"parent":null,"position":{"x":0.75935104472382853,"y":66.196244014778969,"z":140.66704042270771},"quaternion":{"x":-0.21814924791588805,"y":0.0026340717701010311,"z":0.00058880407246163289,"w":0.97591168689047192},"receiveShadow":false,"renderOrder":0,"rotation":{"x":-0.4398425228582431,"y":0.0048843679390237595,"z":0.0022985125441029514,"order":"XYZ"},"scale":{"x":1,"y":1,"z":1},"type":"PerspectiveCamera","up":{"x":0,"y":1,"z":0},"userData":{"isDefault":true,"control":"OrbitControls"},"uuid":"BA25081F-5955-43D7-B97D-5A142F591F54","visible":true,"isObject3D":true,"matrixWorldInverse":{"elements":[0.99998542995134843,-0.0022984831024160475,0.0048843485179451036,0,4.3368086899420177E-19,0.90482111788699338,0.42579190295933494,0,-0.0053981371802543721,-0.42578569915059339,0.90480793459928477,0,-1.6653345369377348E-16,-1.4210854715202004E-14,-155.46618795402739,1]},"projectionMatrix":{"elements":[1.1615432125569514,0,0,0,0,2.1445069205095586,0,0,0,0,-1.0000200002000021,-1,0,0,-0.20000200002000021,0]},"aspect":1.8462566844919786,"far":10000,"filmGauge":35,"filmOffset":0,"focus":10,"fov":50,"near":0.1,"view":null,"zoom":1},{"_id":"5d7b07bec8b49a1a38e735f2","metadata":{"generator":"WebGLRendererSerializer","type":"Object","version":"0.0.1"},"antialias":true,"autoClear":false,"autoClearColor":true,"autoClearDepth":true,"autoClearStencil":true,"autoUpdateScene":false,"clippingPlanes":[],"gammaFactor":2,"gammaInput":false,"gammaOutput":false,"localClippingEnabled":false,"physicallyCorrectLights":false,"shadowMap":{"metadata":{"generator":"WebGLShadowMapSerializer","type":"Object","version":"0.0.1"},"autoUpdate":true,"enabled":true,"needsUpdate":false,"type":2},"sortObjects":true,"toneMapping":1,"toneMappingExposure":1,"toneMappingWhitePoint":1},{"_id":"5d7b07bec8b49a1a38e735f3","metadata":{"generator":"AnimationSerializer","type":"Object","version":"0.0.1"},"id":null,"uuid":"F77AED2E-AA85-4CE3-AA52-6EF8AA7FF1CE","layer":0,"layerName":"AnimLayer1","animations":[]},{"_id":"5d7b07bec8b49a1a38e735f4","metadata":{"generator":"AnimationSerializer","type":"Object","version":"0.0.1"},"id":null,"uuid":"5A98DC1B-0B4D-4F53-BBFA-EF3698F45329","layer":1,"layerName":"AnimLayer2","animations":[]},{"_id":"5d7b07bec8b49a1a38e735f5","metadata":{"generator":"AnimationSerializer","type":"Object","version":"0.0.1"},"id":null,"uuid":"33E97486-1AC8-45A2-83BA-0945113AEDEE","layer":2,"layerName":"AnimLayer3","animations":[]},{"_id":"5d7b07bec8b49a1a38e735f6","metadata":{"generator":"AudioListenerSerializer","type":"Object","version":"0.0.1"},"castShadow":false,"children":[],"frustumCulled":true,"layers":{"mask":1},"matrix":{"elements":[1,0,0,0,0,1,0,0,0,0,1,0,0,0,0,1]},"matrixAutoUpdate":true,"matrixWorld":{"elements":[0.99998542995134843,0,-0.0053981371802543721,0,-0.0022984831024160475,0.90482111788699338,-0.42578569915059333,0,0.0048843485179451028,0.42579190295933494,0.90480793459928477,0,0.75935104472382853,66.196244014778969,140.66704042270771,1]},"matrixWorldNeedsUpdate":false,"modelViewMatrix":{"elements":[1,0,0,0,0,1,0,0,0,0,1,0,0,0,0,1]},"name":"AudioListener","normalMatrix":{"elements":[1,0,0,0,1,0,0,0,1]},"parent":"BA25081F-5955-43D7-B97D-5A142F591F54","position":{"x":0,"y":0,"z":0},"quaternion":{"x":0,"y":0,"z":0,"w":1},"receiveShadow":false,"renderOrder":0,"rotation":{"x":0,"y":0,"z":0,"order":"XYZ"},"scale":{"x":1,"y":1,"z":1},"type":"AudioListener","up":{"x":0,"y":1,"z":0},"userData":{},"uuid":"78D92D12-C5B4-4238-83C3-818B1702E3BF","visible":true,"isObject3D":true,"masterVolume":1},{"_id":"5d7b07bec8b49a1a38e735f7","metadata":{"generator":"VisualSerializer","type":"Object","version":"0.0.1"},"data":[]},{"_id":"5d7b07bec8b49a1a38e735f8","metadata":{"generator":"SceneSerializer","type":"Object","version":"0.0.1"},"castShadow":false,"children":["C386D9C9-C128-4847-867F-352D6C60C95C","C9EFDC94-9C9E-4B86-89E3-18F7A79DAAA5","DDFD6DDB-3115-47FD-9DC0-7E689DF8C3DA"],"frustumCulled":true,"layers":{"mask":1},"matrix":{"elements":[1,0,0,0,0,1,0,0,0,0,1,0,0,0,0,1]},"matrixAutoUpdate":true,"matrixWorld":{"elements":[1,0,0,0,0,1,0,0,0,0,1,0,0,0,0,1]},"matrixWorldNeedsUpdate":false,"modelViewMatrix":{"elements":[1,0,0,0,0,1,0,0,0,0,1,0,0,0,0,1]},"name":"Scene","normalMatrix":{"elements":[1,0,0,0,1,0,0,0,1]},"parent":null,"position":{"x":0,"y":0,"z":0},"quaternion":{"x":0,"y":0,"z":0,"w":1},"receiveShadow":false,"renderOrder":0,"rotation":{"x":0,"y":0,"z":0,"order":"XYZ"},"scale":{"x":1,"y":1,"z":1},"type":"Scene","up":{"x":0,"y":1,"z":0},"userData":{"children":[{"uuid":"C386D9C9-C128-4847-867F-352D6C60C95C","children":[]},{"uuid":"C9EFDC94-9C9E-4B86-89E3-18F7A79DAAA5","children":[]},{"uuid":"DDFD6DDB-3115-47FD-9DC0-7E689DF8C3DA","children":[{"uuid":"80BC95D9-7DFA-4890-BF06-F016880887C2","children":[]},{"uuid":"CFE27DDF-4AB8-4109-BDD2-DB883E5A239E","children":[]},{"uuid":"FEEBA39B-D7B0-431C-B56A-A5DCB841DA1C","children":[]},{"uuid":"F7D68238-B9A4-40B7-87FA-348CD63BD6D0","children":[]},{"uuid":"7EBF68AD-9BD2-456F-B5C6-213251D8E982","children":[]}]}]},"uuid":"939CDE1A-5688-4071-9A69-24C69EF4F1F8","visible":true,"isObject3D":true,"background":11184810,"fog":null,"overrideMaterial":null},{"_id":"5d7b07bec8b49a1a38e735f9","metadata":{"generator":"AmbientLightSerializer","type":"Object","version":"0.0.1"},"children":[],"frustumCulled":true,"layers":{"mask":1},"matrix":{"elements":[1,0,0,0,0,1,0,0,0,0,1,0,0,0,0,1]},"matrixAutoUpdate":true,"matrixWorld":{"elements":[1,0,0,0,0,1,0,0,0,0,1,0,0,0,0,1]},"matrixWorldNeedsUpdate":false,"modelViewMatrix":{"elements":[1,0,0,0,0,1,0,0,0,0,1,0,0,0,0,1]},"name":"Ambient","normalMatrix":{"elements":[1,0,0,0,1,0,0,0,1]},"parent":"939CDE1A-5688-4071-9A69-24C69EF4F1F8","position":{"x":0,"y":0,"z":0},"quaternion":{"x":0,"y":0,"z":0,"w":1},"renderOrder":0,"rotation":{"x":0,"y":0,"z":0,"order":"XYZ"},"scale":{"x":1,"y":1,"z":1},"type":"AmbientLight","up":{"x":0,"y":1,"z":0},"userData":{},"uuid":"C386D9C9-C128-4847-867F-352D6C60C95C","visible":true,"isObject3D":true,"color":16777215,"intensity":0.24,"isLight":true,"shadow":null,"isAmbientLight":true},{"_id":"5d7b07bec8b49a1a38e735fa","metadata":{"generator":"DirectionalLightSerializer","type":"Object","version":"0.0.1"},"castShadow":true,"children":[],"frustumCulled":true,"layers":{"mask":1},"matrix":{"elements":[1,0,0,0,0,1,0,0,0,0,1,0,58.35144294034253,60.258040581283524,65.311801862132143,1]},"matrixAutoUpdate":true,"matrixWorld":{"elements":[1,0,0,0,0,1,0,0,0,0,1,0,58.35144294034253,60.258040581283524,65.311801862132143,1]},"matrixWorldNeedsUpdate":false,"modelViewMatrix":{"elements":[1,0,0,0,0,1,0,0,0,0,1,0,0,0,0,1]},"name":"Directional","normalMatrix":{"elements":[1,0,0,0,1,0,0,0,1]},"parent":"939CDE1A-5688-4071-9A69-24C69EF4F1F8","position":{"x":58.35144294034253,"y":60.258040581283524,"z":65.311801862132143},"quaternion":{"x":0,"y":0,"z":0,"w":1},"renderOrder":0,"rotation":{"x":0,"y":0,"z":0,"order":"XYZ"},"scale":{"x":1,"y":1,"z":1},"type":"DirectionalLight","up":{"x":0,"y":1,"z":0},"userData":{},"uuid":"C9EFDC94-9C9E-4B86-89E3-18F7A79DAAA5","visible":true,"isObject3D":true,"color":16777215,"intensity":0.56,"isLight":true,"shadow":{"metadata":{"generator":"DirectionalLightShadowSerializer","type":"Object","version":"0.0.1"},"bias":0,"camera":{"metadata":{"generator":"OrthographicCameraSerializer","type":"Object","version":"0.0.1"},"castShadow":false,"children":[],"frustumCulled":true,"layers":{"mask":1},"matrix":{"elements":[0.74572584599988168,2.7755575615628914E-17,-0.6662529269037103,0,-0.37764614595566603,0.82384098060109068,-0.42269306491479741,0,0.5488864646286995,0.56682099350873849,0.61435951222812046,0,58.35144294034253,60.258040581283524,65.311801862132143,1]},"matrixAutoUpdate":true,"matrixWorld":{"elements":[0.74572584599988168,2.7755575615628914E-17,-0.6662529269037103,0,-0.37764614595566603,0.82384098060109068,-0.42269306491479741,0,0.5488864646286995,0.56682099350873849,0.61435951222812046,0,58.35144294034253,60.258040581283524,65.311801862132143,1]},"matrixWorldNeedsUpdate":false,"modelViewMatrix":{"elements":[1,0,0,0,0,1,0,0,0,0,1,0,0,0,0,1]},"name":"","normalMatrix":{"elements":[1,0,0,0,1,0,0,0,1]},"parent":null,"position":{"x":58.35144294034253,"y":60.258040581283524,"z":65.311801862132143},"quaternion":{"x":-0.27727484251671236,"y":0.34049802582874417,"z":0.1058214127990504,"w":0.89217800057346919},"receiveShadow":false,"renderOrder":0,"rotation":{"x":-0.74517325625511033,"y":0.58103150994503894,"z":0.46876578001565311,"order":"XYZ"},"scale":{"x":1,"y":1,"z":1},"type":"OrthographicCamera","up":{"x":0,"y":1,"z":0},"userData":{},"uuid":"55DF3593-4334-450D-BFB4-DCDEC5F31D30","visible":true,"isObject3D":true,"matrixWorldInverse":{"elements":[0.74572584599988168,-0.377646145955666,0.5488864646286995,0,5.5511151231257827E-17,0.82384098060109068,0.56682099350873849,0,-0.6662529269037103,-0.42269306491479747,0.61435951222812046,0,-1.5987211554602254E-14,-1.0658141036401503E-14,-106.30876638544007,1]},"projectionMatrix":{"elements":[0.05,0,0,0,0,0.05,0,0,0,0,-0.0040008001600320064,0,0,0,-1.0004000800160033,1]},"bottom":-20,"far":500,"left":-20,"near":0.1,"right":20,"top":20,"view":null,"zoom":1},"map":{"metadata":{"generator":"WebGLRenderTargetSerializer","type":"Object","version":"0.0.1"},"depthBuffer":true,"depthTexture":null,"height":2048,"scissor":{"x":0,"y":0,"z":2048,"w":2048},"scissorTest":false,"stencilBuffer":true,"texture":{"metadata":{"generator":"TextureSerializer","type":"Object","version":"0.0.1"},"anisotropy":1,"center":{"x":0,"y":0},"encoding":3000,"flipY":true,"format":1023,"generateMipmaps":false,"image":null,"magFilter":1003,"mapping":300,"matrix":{"elements":[1,0,0,0,1,0,0,0,1]},"matrixAutoUpdate":true,"minFilter":1003,"mipmaps":[],"name":"Directional.shadowMap","offset":{"x":0,"y":0},"premultiplyAlpha":false,"repeat":{"x":1,"y":1},"rotation":0,"type":1009,"unpackAlignment":4,"uuid":"35448E00-CD24-4B8E-8F42-E8E640BE8E48","version":0,"wrapS":1001,"wrapT":1001,"isTexture":true},"viewport":{"x":0,"y":0,"z":2048,"w":2048},"width":2048,"isWebGLRenderTarget":true},"mapSize":{"x":2048,"y":2048},"matrix":{"elements":[0.018643146149997042,-0.00944115364889165,-0.0010979925277629515,0,1.3877787807814458E-18,0.020596024515027268,-0.001133868760769631,0,-0.016656323172592757,-0.010567326622869938,-0.0012289648174197249,0,0.49999999999999961,0.49999999999999972,0.21246002477583523,1]},"radius":0},"isDirectionalLight":true},{"_id":"5d7b07bec8b49a1a38e735fb","metadata":{"generator":"ServerObject","type":"Object","version":"0.0.1"},"castShadow":false,"children":["80BC95D9-7DFA-4890-BF06-F016880887C2","CFE27DDF-4AB8-4109-BDD2-DB883E5A239E","FEEBA39B-D7B0-431C-B56A-A5DCB841DA1C","F7D68238-B9A4-40B7-87FA-348CD63BD6D0","7EBF68AD-9BD2-456F-B5C6-213251D8E982"],"frustumCulled":true,"layers":{"mask":1},"matrix":{"elements":[1,0,0,0,0,1,0,0,0,0,1,0,0,0,0,1]},"matrixAutoUpdate":true,"matrixWorld":{"elements":[1,0,0,0,0,1,0,0,0,0,1,0,0,0,0,1]},"matrixWorldNeedsUpdate":false,"modelViewMatrix":{"elements":[1,0,0,0,0,1,0,0,0,0,1,0,0,0,0,1]},"name":"simple","normalMatrix":{"elements":[1,0,0,0,1,0,0,0,1]},"parent":"939CDE1A-5688-4071-9A69-24C69EF4F1F8","position":{"x":0,"y":0,"z":0},"quaternion":{"x":0,"y":0,"z":0,"w":1},"receiveShadow":false,"renderOrder":0,"rotation":{"x":0,"y":0,"z":0,"order":"XYZ"},"scale":{"x":1,"y":1,"z":1},"type":"Object3D","up":{"x":0,"y":1,"z":0},"userData":{"_children":[{"uuid":"80BC95D9-7DFA-4890-BF06-F016880887C2","children":[]},{"uuid":"CFE27DDF-4AB8-4109-BDD2-DB883E5A239E","children":[]},{"uuid":"FEEBA39B-D7B0-431C-B56A-A5DCB841DA1C","children":[]},{"uuid":"F7D68238-B9A4-40B7-87FA-348CD63BD6D0","children":[]},{"uuid":"7EBF68AD-9BD2-456F-B5C6-213251D8E982","children":[]}],"physics":{"enabled":false,"type":"rigidBody","shape":"btBoxShape","mass":1,"inertia":{"x":0,"y":0,"z":0}},"ID":"5d7b0788c8b49a1a38e735ed","Name":"simple","CategoryID":"","CategoryName":"","TotalPinYin":"simple","FirstPinYin":"simple","Type":"awd","Url":"/Upload/Model/20190913110544/simple.awd","FileName":null,"FileSize":0,"FileType":null,"SaveName":null,"SavePath":null,"AddTime":"0001-01-01 00:00:00","Thumbnail":"","id":"5d7b0788c8b49a1a38e735ed","src":null,"title":"simple","icon":"model","cornerText":"awd","Server":true,"children":[{"uuid":"80BC95D9-7DFA-4890-BF06-F016880887C2","children":[]},{"uuid":"CFE27DDF-4AB8-4109-BDD2-DB883E5A239E","children":[]},{"uuid":"FEEBA39B-D7B0-431C-B56A-A5DCB841DA1C","children":[]},{"uuid":"F7D68238-B9A4-40B7-87FA-348CD63BD6D0","children":[]},{"uuid":"7EBF68AD-9BD2-456F-B5C6-213251D8E982","children":[]}]},"uuid":"DDFD6DDB-3115-47FD-9DC0-7E689DF8C3DA","visible":true,"isObject3D":true},{"_id":"5d7b07bec8b49a1a38e735fc","metadata":{"generator":"MeshSerializer","type":"Object","version":"0.0.1"},"castShadow":false,"children":[],"frustumCulled":true,"layers":{"mask":1},"matrix":{"elements":[1,0,0,0,0,1,0,0,0,0,1,0,0,0,0,1]},"matrixAutoUpdate":true,"matrixWorld":{"elements":[1,0,0,0,0,1,0,0,0,0,1,0,0,0,0,1]},"matrixWorldNeedsUpdate":false,"modelViewMatrix":{"elements":[0.99998542995134843,-0.0022984831024160475,0.0048843485179451036,0,4.3368086899420177E-19,0.90482111788699338,0.42579190295933494,0,-0.0053981371802543721,-0.42578569915059339,0.90480793459928477,0,-1.6653345369377348E-16,-1.4210854715202004E-14,-155.46618795402739,1]},"name":"ground","normalMatrix":{"elements":[0.99998542995134831,-0.0022984831024160475,0.0048843485179451028,0,0.90482111788699315,0.42579190295933489,-0.0053981371802543721,-0.42578569915059328,0.90480793459928455]},"parent":"DDFD6DDB-3115-47FD-9DC0-7E689DF8C3DA","position":{"x":0,"y":0,"z":0},"quaternion":{"x":0,"y":0,"z":0,"w":1},"receiveShadow":false,"renderOrder":0,"rotation":{"x":0,"y":0,"z":0,"order":"XYZ"},"scale":{"x":1,"y":1,"z":1},"type":"Mesh","up":{"x":0,"y":1,"z":0},"userData":{},"uuid":"80BC95D9-7DFA-4890-BF06-F016880887C2","visible":true,"isObject3D":true,"drawMode":0,"geometry":{"metadata":{"generator":"BufferGeometrySerializer","type":"Object","version":"0.0.1"},"boundingBox":null,"boundingSphere":{"center":{"x":0,"y":0,"z":0},"radius":70.710678118654755},"drawRange":{"start":0,"count":null},"groups":[],"morphAttributes":{},"name":"Ground_geometry","type":"BufferGeometry","userData":{},"uuid":"43584993-C83E-492D-82A3-A15FF834230E"},"material":{"metadata":{"generator":"MeshPhongMaterialSerializer","type":"Object","version":"0.0.1"},"alphaMap":null,"alphaTest":0,"aoMap":null,"aoMapIntensity":1,"blendDst":205,"blendDstAlpha":null,"blendEquation":100,"blendEquationAlpha":null,"blendSrc":204,"blendSrcAlpha":null,"blending":1,"bumpMap":null,"bumpScale":1,"clipIntersection":false,"clippingPlanes":null,"color":16777215,"colorWrite":true,"depthFunc":3,"depthTest":true,"depthWrite":true,"displacementBias":0,"displacementMap":null,"displacementScale":1,"dithering":false,"emissive":0,"emissiveIntensity":1,"emissiveMap":null,"envMap":null,"flatShading":false,"fog":true,"lightMap":null,"lightMapIntensity":1,"lights":true,"map":{"metadata":{"generator":"TextureSerializer","type":"Object","version":"0.0.1"},"anisotropy":1,"center":{"x":0,"y":0},"encoding":3000,"flipY":true,"format":1023,"generateMipmaps":true,"image":{"tagName":"img","src":"/Upload/Model/20190913110544/textures/texture.jpg","width":512,"height":512},"magFilter":1006,"mapping":300,"matrix":{"elements":[1,0,0,0,1,0,0,0,1]},"matrixAutoUpdate":true,"minFilter":1008,"mipmaps":[],"name":"","offset":{"x":0,"y":0},"premultiplyAlpha":false,"repeat":{"x":1,"y":1},"rotation":0,"type":1009,"unpackAlignment":4,"uuid":"B42DCB8B-071A-4086-B1BE-5515D6B0E0F8","version":1,"wrapS":1001,"wrapT":1001,"isTexture":true},"metalnessMap":null,"morphNormals":false,"morphTargets":false,"name":"","normalMap":null,"normalScale":{"x":1,"y":1},"opacity":1,"polygonOffset":false,"polygonOffsetFactor":0,"polygonOffsetUnits":0,"precision":null,"premultipliedAlpha":false,"refractionRatio":0.98,"roughnessMap":null,"shadowSide":null,"side":0,"skinning":false,"transparent":false,"type":"MeshPhongMaterial","userData":{},"uuid":"A37CEABF-F34F-41BE-9B83-7FEF4F306B76","vertexColors":0,"visible":true,"wireframe":false,"wireframeLinecap":"round","wireframeLinejoin":"round","wireframeLinewidth":1,"specular":1118481,"shininess":30}},{"_id":"5d7b07bec8b49a1a38e735fd","metadata":{"generator":"MeshSerializer","type":"Object","version":"0.0.1"},"castShadow":false,"children":[],"frustumCulled":true,"layers":{"mask":1},"matrix":{"elements":[1,0,0,0,0,1,0,0,0,0,1,0,0,0,0,1]},"matrixAutoUpdate":true,"matrixWorld":{"elements":[1,0,0,0,0,1,0,0,0,0,1,0,0,0,0,1]},"matrixWorldNeedsUpdate":false,"modelViewMatrix":{"elements":[0.99998542995134843,-0.0022984831024160475,0.0048843485179451036,0,4.3368086899420177E-19,0.90482111788699338,0.42579190295933494,0,-0.0053981371802543721,-0.42578569915059339,0.90480793459928477,0,-1.6653345369377348E-16,-1.4210854715202004E-14,-155.46618795402739,1]},"name":"box","normalMatrix":{"elements":[0.99998542995134831,-0.0022984831024160475,0.0048843485179451028,0,0.90482111788699315,0.42579190295933489,-0.0053981371802543721,-0.42578569915059328,0.90480793459928455]},"parent":"DDFD6DDB-3115-47FD-9DC0-7E689DF8C3DA","position":{"x":0,"y":0,"z":0},"quaternion":{"x":0,"y":0,"z":0,"w":1},"receiveShadow":false,"renderOrder":0,"rotation":{"x":0,"y":0,"z":0,"order":"XYZ"},"scale":{"x":1,"y":1,"z":1},"type":"Mesh","up":{"x":0,"y":1,"z":0},"userData":{},"uuid":"CFE27DDF-4AB8-4109-BDD2-DB883E5A239E","visible":true,"isObject3D":true,"drawMode":0,"geometry":{"metadata":{"generator":"BufferGeometrySerializer","type":"Object","version":"0.0.1"},"boundingBox":null,"boundingSphere":{"center":{"x":-18.320699691772461,"y":10.113100025802851,"z":18.865100383758545},"radius":16.652076416270031},"drawRange":{"start":0,"count":null},"groups":[],"morphAttributes":{},"name":"box_geometry","type":"BufferGeometry","userData":{},"uuid":"964723D5-6158-410A-B6BF-42241F4F7ABE"},"material":{"metadata":{"generator":"MeshPhongMaterialSerializer","type":"Object","version":"0.0.1"},"alphaMap":null,"alphaTest":0,"aoMap":null,"aoMapIntensity":1,"blendDst":205,"blendDstAlpha":null,"blendEquation":100,"blendEquationAlpha":null,"blendSrc":204,"blendSrcAlpha":null,"blending":1,"bumpMap":null,"bumpScale":1,"clipIntersection":false,"clippingPlanes":null,"color":16777215,"colorWrite":true,"depthFunc":3,"depthTest":true,"depthWrite":true,"displacementBias":0,"displacementMap":null,"displacementScale":1,"dithering":false,"emissive":0,"emissiveIntensity":1,"emissiveMap":null,"envMap":null,"flatShading":false,"fog":true,"lightMap":null,"lightMapIntensity":1,"lights":true,"map":{"metadata":{"generator":"TextureSerializer","type":"Object","version":"0.0.1"},"anisotropy":1,"center":{"x":0,"y":0},"encoding":3000,"flipY":true,"format":1023,"generateMipmaps":true,"image":{"tagName":"img","src":"/Upload/Model/20190913110544/textures/texture.jpg","width":512,"height":512},"magFilter":1006,"mapping":300,"matrix":{"elements":[1,0,0,0,1,0,0,0,1]},"matrixAutoUpdate":true,"minFilter":1008,"mipmaps":[],"name":"","offset":{"x":0,"y":0},"premultiplyAlpha":false,"repeat":{"x":1,"y":1},"rotation":0,"type":1009,"unpackAlignment":4,"uuid":"B42DCB8B-071A-4086-B1BE-5515D6B0E0F8","version":1,"wrapS":1001,"wrapT":1001,"isTexture":true},"metalnessMap":null,"morphNormals":false,"morphTargets":false,"name":"","normalMap":null,"normalScale":{"x":1,"y":1},"opacity":1,"polygonOffset":false,"polygonOffsetFactor":0,"polygonOffsetUnits":0,"precision":null,"premultipliedAlpha":false,"refractionRatio":0.98,"roughnessMap":null,"shadowSide":null,"side":0,"skinning":false,"transparent":false,"type":"MeshPhongMaterial","userData":{},"uuid":"513DD932-8A27-4D49-BE82-3744FCA101F3","vertexColors":0,"visible":true,"wireframe":false,"wireframeLinecap":"round","wireframeLinejoin":"round","wireframeLinewidth":1,"specular":1118481,"shininess":30}},{"_id":"5d7b07bec8b49a1a38e735fe","metadata":{"generator":"MeshSerializer","type":"Object","version":"0.0.1"},"castShadow":false,"children":[],"frustumCulled":true,"layers":{"mask":1},"matrix":{"elements":[1,0,0,0,0,1,0,0,0,0,1,0,0,0,0,1]},"matrixAutoUpdate":true,"matrixWorld":{"elements":[1,0,0,0,0,1,0,0,0,0,1,0,0,0,0,1]},"matrixWorldNeedsUpdate":false,"modelViewMatrix":{"elements":[0.99998542995134843,-0.0022984831024160475,0.0048843485179451036,0,4.3368086899420177E-19,0.90482111788699338,0.42579190295933494,0,-0.0053981371802543721,-0.42578569915059339,0.90480793459928477,0,-1.6653345369377348E-16,-1.4210854715202004E-14,-155.46618795402739,1]},"name":"sphere","normalMatrix":{"elements":[0.99998542995134831,-0.0022984831024160475,0.0048843485179451028,0,0.90482111788699315,0.42579190295933489,-0.0053981371802543721,-0.42578569915059328,0.90480793459928455]},"parent":"DDFD6DDB-3115-47FD-9DC0-7E689DF8C3DA","position":{"x":0,"y":0,"z":0},"quaternion":{"x":0,"y":0,"z":0,"w":1},"receiveShadow":false,"renderOrder":0,"rotation":{"x":0,"y":0,"z":0,"order":"XYZ"},"scale":{"x":1,"y":1,"z":1},"type":"Mesh","up":{"x":0,"y":1,"z":0},"userData":{},"uuid":"FEEBA39B-D7B0-431C-B56A-A5DCB841DA1C","visible":true,"isObject3D":true,"drawMode":0,"geometry":{"metadata":{"generator":"BufferGeometrySerializer","type":"Object","version":"0.0.1"},"boundingBox":null,"boundingSphere":{"center":{"x":15.066200017929077,"y":10,"z":18.595000267028809},"radius":10.038949170614094},"drawRange":{"start":0,"count":null},"groups":[],"morphAttributes":{},"name":"sphere_geometry","type":"BufferGeometry","userData":{},"uuid":"5E709F69-F46B-4EA4-97D3-6846EA312F17"},"material":{"metadata":{"generator":"MeshPhongMaterialSerializer","type":"Object","version":"0.0.1"},"alphaMap":null,"alphaTest":0,"aoMap":null,"aoMapIntensity":1,"blendDst":205,"blendDstAlpha":null,"blendEquation":100,"blendEquationAlpha":null,"blendSrc":204,"blendSrcAlpha":null,"blending":1,"bumpMap":null,"bumpScale":1,"clipIntersection":false,"clippingPlanes":null,"color":16777215,"colorWrite":true,"depthFunc":3,"depthTest":true,"depthWrite":true,"displacementBias":0,"displacementMap":null,"displacementScale":1,"dithering":false,"emissive":0,"emissiveIntensity":1,"emissiveMap":null,"envMap":null,"flatShading":false,"fog":true,"lightMap":null,"lightMapIntensity":1,"lights":true,"map":{"metadata":{"generator":"TextureSerializer","type":"Object","version":"0.0.1"},"anisotropy":1,"center":{"x":0,"y":0},"encoding":3000,"flipY":true,"format":1023,"generateMipmaps":true,"image":{"tagName":"img","src":"/Upload/Model/20190913110544/textures/texture.jpg","width":512,"height":512},"magFilter":1006,"mapping":300,"matrix":{"elements":[1,0,0,0,1,0,0,0,1]},"matrixAutoUpdate":true,"minFilter":1008,"mipmaps":[],"name":"","offset":{"x":0,"y":0},"premultiplyAlpha":false,"repeat":{"x":1,"y":1},"rotation":0,"type":1009,"unpackAlignment":4,"uuid":"B42DCB8B-071A-4086-B1BE-5515D6B0E0F8","version":1,"wrapS":1001,"wrapT":1001,"isTexture":true},"metalnessMap":null,"morphNormals":false,"morphTargets":false,"name":"","normalMap":null,"normalScale":{"x":1,"y":1},"opacity":1,"polygonOffset":false,"polygonOffsetFactor":0,"polygonOffsetUnits":0,"precision":null,"premultipliedAlpha":false,"refractionRatio":0.98,"roughnessMap":null,"shadowSide":null,"side":0,"skinning":false,"transparent":false,"type":"MeshPhongMaterial","userData":{},"uuid":"C26C3630-B437-44FD-8A00-CB88318706EC","vertexColors":0,"visible":true,"wireframe":false,"wireframeLinecap":"round","wireframeLinejoin":"round","wireframeLinewidth":1,"specular":1118481,"shininess":30}},{"_id":"5d7b07bec8b49a1a38e735ff","metadata":{"generator":"MeshSerializer","type":"Object","version":"0.0.1"},"castShadow":false,"children":[],"frustumCulled":true,"layers":{"mask":1},"matrix":{"elements":[1,0,0,0,0,1,0,0,0,0,1,0,0,0,0,1]},"matrixAutoUpdate":true,"matrixWorld":{"elements":[1,0,0,0,0,1,0,0,0,0,1,0,0,0,0,1]},"matrixWorldNeedsUpdate":false,"modelViewMatrix":{"elements":[0.99998542995134843,-0.0022984831024160475,0.0048843485179451036,0,4.3368086899420177E-19,0.90482111788699338,0.42579190295933494,0,-0.0053981371802543721,-0.42578569915059339,0.90480793459928477,0,-1.6653345369377348E-16,-1.4210854715202004E-14,-155.46618795402739,1]},"name":"donut","normalMatrix":{"elements":[0.99998542995134831,-0.0022984831024160475,0.0048843485179451028,0,0.90482111788699315,0.42579190295933489,-0.0053981371802543721,-0.42578569915059328,0.90480793459928455]},"parent":"DDFD6DDB-3115-47FD-9DC0-7E689DF8C3DA","position":{"x":0,"y":0,"z":0},"quaternion":{"x":0,"y":0,"z":0,"w":1},"receiveShadow":false,"renderOrder":0,"rotation":{"x":0,"y":0,"z":0,"order":"XYZ"},"scale":{"x":1,"y":1,"z":1},"type":"Mesh","up":{"x":0,"y":1,"z":0},"userData":{},"uuid":"F7D68238-B9A4-40B7-87FA-348CD63BD6D0","visible":true,"isObject3D":true,"drawMode":0,"geometry":{"metadata":{"generator":"BufferGeometrySerializer","type":"Object","version":"0.0.1"},"boundingBox":null,"boundingSphere":{"center":{"x":16.621900260448456,"y":5,"z":-11.549800395965576},"radius":15.000072071795493},"drawRange":{"start":0,"count":null},"groups":[],"morphAttributes":{},"name":"donut_geometry","type":"BufferGeometry","userData":{},"uuid":"E7AA7A95-D88D-4312-8847-430376BB7DAA"},"material":{"metadata":{"generator":"MeshPhongMaterialSerializer","type":"Object","version":"0.0.1"},"alphaMap":null,"alphaTest":0,"aoMap":null,"aoMapIntensity":1,"blendDst":205,"blendDstAlpha":null,"blendEquation":100,"blendEquationAlpha":null,"blendSrc":204,"blendSrcAlpha":null,"blending":1,"bumpMap":null,"bumpScale":1,"clipIntersection":false,"clippingPlanes":null,"color":16777215,"colorWrite":true,"depthFunc":3,"depthTest":true,"depthWrite":true,"displacementBias":0,"displacementMap":null,"displacementScale":1,"dithering":false,"emissive":0,"emissiveIntensity":1,"emissiveMap":null,"envMap":null,"flatShading":false,"fog":true,"lightMap":null,"lightMapIntensity":1,"lights":true,"map":{"metadata":{"generator":"TextureSerializer","type":"Object","version":"0.0.1"},"anisotropy":1,"center":{"x":0,"y":0},"encoding":3000,"flipY":true,"format":1023,"generateMipmaps":true,"image":{"tagName":"img","src":"/Upload/Model/20190913110544/textures/texture.jpg","width":512,"height":512},"magFilter":1006,"mapping":300,"matrix":{"elements":[1,0,0,0,1,0,0,0,1]},"matrixAutoUpdate":true,"minFilter":1008,"mipmaps":[],"name":"","offset":{"x":0,"y":0},"premultiplyAlpha":false,"repeat":{"x":1,"y":1},"rotation":0,"type":1009,"unpackAlignment":4,"uuid":"B42DCB8B-071A-4086-B1BE-5515D6B0E0F8","version":1,"wrapS":1001,"wrapT":1001,"isTexture":true},"metalnessMap":null,"morphNormals":false,"morphTargets":false,"name":"","normalMap":null,"normalScale":{"x":1,"y":1},"opacity":1,"polygonOffset":false,"polygonOffsetFactor":0,"polygonOffsetUnits":0,"precision":null,"premultipliedAlpha":false,"refractionRatio":0.98,"roughnessMap":null,"shadowSide":null,"side":0,"skinning":false,"transparent":false,"type":"MeshPhongMaterial","userData":{},"uuid":"DDF7D447-34D9-4B77-8B89-099666A487D2","vertexColors":0,"visible":true,"wireframe":false,"wireframeLinecap":"round","wireframeLinejoin":"round","wireframeLinewidth":1,"specular":1118481,"shininess":30}},{"_id":"5d7b07bec8b49a1a38e73600","metadata":{"generator":"MeshSerializer","type":"Object","version":"0.0.1"},"castShadow":false,"children":[],"frustumCulled":true,"layers":{"mask":1},"matrix":{"elements":[1,0,0,0,0,1,0,0,0,0,1,0,0,0,0,1]},"matrixAutoUpdate":true,"matrixWorld":{"elements":[1,0,0,0,0,1,0,0,0,0,1,0,0,0,0,1]},"matrixWorldNeedsUpdate":false,"modelViewMatrix":{"elements":[0.99998542995134843,-0.0022984831024160475,0.0048843485179451036,0,4.3368086899420177E-19,0.90482111788699338,0.42579190295933494,0,-0.0053981371802543721,-0.42578569915059339,0.90480793459928477,0,-1.6653345369377348E-16,-1.4210854715202004E-14,-155.46618795402739,1]},"name":"cone","normalMatrix":{"elements":[0.99998542995134831,-0.0022984831024160475,0.0048843485179451028,0,0.90482111788699315,0.42579190295933489,-0.0053981371802543721,-0.42578569915059328,0.90480793459928455]},"parent":"DDFD6DDB-3115-47FD-9DC0-7E689DF8C3DA","position":{"x":0,"y":0,"z":0},"quaternion":{"x":0,"y":0,"z":0,"w":1},"receiveShadow":false,"renderOrder":0,"rotation":{"x":0,"y":0,"z":0,"order":"XYZ"},"scale":{"x":1,"y":1,"z":1},"type":"Mesh","up":{"x":0,"y":1,"z":0},"userData":{},"uuid":"7EBF68AD-9BD2-456F-B5C6-213251D8E982","visible":true,"isObject3D":true,"drawMode":0,"geometry":{"metadata":{"generator":"BufferGeometrySerializer","type":"Object","version":"0.0.1"},"boundingBox":null,"boundingSphere":{"center":{"x":-13.22730028629303,"y":9.814849853515625,"z":-15.187450408935547},"radius":13.774537614433472},"drawRange":{"start":0,"count":null},"groups":[],"morphAttributes":{},"name":"cone_geometry","type":"BufferGeometry","userData":{},"uuid":"6A6AEB12-43A3-409F-9F57-AD022701A20E"},"material":{"metadata":{"generator":"MeshPhongMaterialSerializer","type":"Object","version":"0.0.1"},"alphaMap":null,"alphaTest":0,"aoMap":null,"aoMapIntensity":1,"blendDst":205,"blendDstAlpha":null,"blendEquation":100,"blendEquationAlpha":null,"blendSrc":204,"blendSrcAlpha":null,"blending":1,"bumpMap":null,"bumpScale":1,"clipIntersection":false,"clippingPlanes":null,"color":16777215,"colorWrite":true,"depthFunc":3,"depthTest":true,"depthWrite":true,"displacementBias":0,"displacementMap":null,"displacementScale":1,"dithering":false,"emissive":0,"emissiveIntensity":1,"emissiveMap":null,"envMap":null,"flatShading":false,"fog":true,"lightMap":null,"lightMapIntensity":1,"lights":true,"map":{"metadata":{"generator":"TextureSerializer","type":"Object","version":"0.0.1"},"anisotropy":1,"center":{"x":0,"y":0},"encoding":3000,"flipY":true,"format":1023,"generateMipmaps":true,"image":{"tagName":"img","src":"/Upload/Model/20190913110544/textures/texture.jpg","width":512,"height":512},"magFilter":1006,"mapping":300,"matrix":{"elements":[1,0,0,0,1,0,0,0,1]},"matrixAutoUpdate":true,"minFilter":1008,"mipmaps":[],"name":"","offset":{"x":0,"y":0},"premultiplyAlpha":false,"repeat":{"x":1,"y":1},"rotation":0,"type":1009,"unpackAlignment":4,"uuid":"B42DCB8B-071A-4086-B1BE-5515D6B0E0F8","version":1,"wrapS":1001,"wrapT":1001,"isTexture":true},"metalnessMap":null,"morphNormals":false,"morphTargets":false,"name":"","normalMap":null,"normalScale":{"x":1,"y":1},"opacity":1,"polygonOffset":false,"polygonOffsetFactor":0,"polygonOffsetUnits":0,"precision":null,"premultipliedAlpha":false,"refractionRatio":0.98,"roughnessMap":null,"shadowSide":null,"side":0,"skinning":false,"transparent":false,"type":"MeshPhongMaterial","userData":{},"uuid":"75FCB636-143C-4132-B395-D19E4150768C","vertexColors":0,"visible":true,"wireframe":false,"wireframeLinecap":"round","wireframeLinejoin":"round","wireframeLinewidth":1,"specular":1118481,"shininess":30}}]}