{"Code":200,"Msg":"Get Successfully!","Data":[{"_id":"5d7b87e4c8b49a0cf886178f","metadata":{"generator":"OptionsSerializer","type":"Object","version":"0.0.1"},"server":"http://localhost:2000","sceneType":"Empty","shadowMapType":2,"gammaInput":false,"gammaOutput":false,"gammaFactor":2,"hueRotate":0,"saturate":1,"brightness":1,"blur":0,"contrast":1,"grayscale":0,"invert":0,"sepia":0,"theme":"assets/css/light.css","showGrid":true,"showCameraHelper":true,"showPointLightHelper":false,"showDirectionalLightHelper":true,"showSpotLightHelper":true,"showHemisphereLightHelper":true,"showRectAreaLightHelper":true,"showSkeletonHelper":false,"selected":"099B4CFE-70EC-4EA6-AFAB-27C07D6AB358"},{"_id":"5d7b87e4c8b49a0cf8861790","metadata":{"generator":"PerspectiveCameraSerializer","type":"Object","version":"0.0.1"},"castShadow":false,"children":["0EFCD402-16DA-401C-B919-D2C379A9D962"],"frustumCulled":true,"layers":{"mask":1},"matrix":{"elements":[0.99823600216150343,6.9388939039072284E-18,-0.059370733435075804,0,-0.010359081739116132,0.98466049067787487,-0.17417349833866533,0,0.058460015516087052,0.17448128294463774,0.98292355170066614,0,12.867999500012319,107.11213125399303,362.51435917176536,1]},"matrixAutoUpdate":true,"matrixWorld":{"elements":[0.99823600216150343,6.9388939039072284E-18,-0.059370733435075804,0,-0.010359081739116132,0.98466049067787487,-0.17417349833866533,0,0.058460015516087052,0.17448128294463774,0.98292355170066614,0,12.867999500012319,107.11213125399303,362.51435917176536,1]},"matrixWorldNeedsUpdate":false,"modelViewMatrix":{"elements":[1,0,0,0,0,1,0,0,0,0,1,0,0,0,0,1]},"name":"默认相机","normalMatrix":{"elements":[1,0,0,0,1,0,0,0,1]},"parent":null,"position":{"x":12.867999500012319,"y":107.11213125399303,"z":362.51435917176536},"quaternion":{"x":-0.087538505503239078,"y":0.029584357419526718,"z":0.0026009066346096565,"w":0.99571833925815145},"receiveShadow":false,"renderOrder":0,"rotation":{"x":-0.17568252822051295,"y":0.058493365396440143,"z":0.010377014937971525,"order":"XYZ"},"scale":{"x":1,"y":1,"z":1},"type":"PerspectiveCamera","up":{"x":0,"y":1,"z":0},"userData":{"isDefault":true,"control":"OrbitControls","orbitOptions":{"minDistance":0,"maxDistance":99999,"minPolarAngle":1.4,"maxPolarAngle":1.5,"minAzimuthAngle":-9999,"maxAzimuthAngle":9999,"enableDamping":false,"dampingFactor":0.25,"enableZoom":true,"zoomSpeed":1,"enableRotate":true,"rotateSpeed":1,"enablePan":true,"panSpeed":1,"screenSpacePanning":false,"keyPanSpeed":7,"autoRotate":true,"autoRotateSpeed":1,"enableKeys":true}},"uuid":"2972FBDE-0A85-45BD-9A03-028E2830AD27","visible":true,"isObject3D":true,"matrixWorldInverse":{"elements":[0.99823600216150365,-0.010359081739116134,0.058460015516087066,0,5.2041704279304228E-18,0.98466049067787509,0.1744812829446378,0,-0.059370733435075818,-0.17417349833866533,0.98292355170066636,0,8.677443008065687,-42.195388924524373,-375.76522699016544,1.0000000000000002]},"projectionMatrix":{"elements":[1.1615432125569514,0,0,0,0,2.1445069205095586,0,0,0,0,-1.0000200002000021,-1,0,0,-0.20000200002000021,0]},"aspect":1.8462566844919786,"far":10000,"filmGauge":35,"filmOffset":0,"focus":10,"fov":50,"near":0.1,"view":null,"zoom":1},{"_id":"5d7b87e4c8b49a0cf8861791","metadata":{"generator":"WebGLRendererSerializer","type":"Object","version":"0.0.1"},"antialias":true,"autoClear":false,"autoClearColor":true,"autoClearDepth":true,"autoClearStencil":true,"autoUpdateScene":false,"clippingPlanes":[],"gammaFactor":2,"gammaInput":false,"gammaOutput":false,"localClippingEnabled":false,"physicallyCorrectLights":false,"shadowMap":{"metadata":{"generator":"WebGLShadowMapSerializer","type":"Object","version":"0.0.1"},"autoUpdate":true,"enabled":true,"needsUpdate":false,"type":2},"sortObjects":true,"toneMapping":1,"toneMappingExposure":1,"toneMappingWhitePoint":1},{"_id":"5c38a67bc8b49a2b484187e1","metadata":{"generator":"AnimationSerializer","type":"Object","version":"0.0.1"},"id":"5c17956bc8b49b1d70bb6a97","uuid":"221E0837-4585-4C84-8862-E8971107469B","name":"组1","type":"AnimationGroup","index":1,"animations":[],"layerName":"AnimLayer1"},{"_id":"5c38a67bc8b49a2b484187e2","metadata":{"generator":"AnimationSerializer","type":"Object","version":"0.0.1"},"id":"5c17956bc8b49b1d70bb6a98","uuid":"D3206E65-0945-417B-8564-843CF3394CBE","name":"组2","type":"AnimationGroup","index":1,"animations":[],"layerName":"AnimLayer2"},{"_id":"5c38a67bc8b49a2b484187e3","metadata":{"generator":"AnimationSerializer","type":"Object","version":"0.0.1"},"id":"5c17956bc8b49b1d70bb6a99","uuid":"71117D3A-731B-403D-8D0A-1C0150B0D014","name":"组3","type":"AnimationGroup","index":2,"animations":[],"layerName":"AnimLayer3"},{"_id":"5d7b87e4c8b49a0cf8861792","metadata":{"generator":"AudioListenerSerializer","type":"Object","version":"0.0.1"},"castShadow":false,"children":[],"frustumCulled":true,"layers":{"mask":1},"matrix":{"elements":[1,0,0,0,0,1,0,0,0,0,1,0,0,0,0,1]},"matrixAutoUpdate":true,"matrixWorld":{"elements":[0.99823600216150343,6.9388939039072284E-18,-0.059370733435075804,0,-0.010359081739116132,0.98466049067787487,-0.17417349833866533,0,0.058460015516087052,0.17448128294463774,0.98292355170066614,0,12.867999500012319,107.11213125399303,362.51435917176536,1]},"matrixWorldNeedsUpdate":false,"modelViewMatrix":{"elements":[1,0,0,0,0,1,0,0,0,0,1,0,0,0,0,1]},"name":"音频监听器","normalMatrix":{"elements":[1,0,0,0,1,0,0,0,1]},"parent":"2972FBDE-0A85-45BD-9A03-028E2830AD27","position":{"x":0,"y":0,"z":0},"quaternion":{"x":0,"y":0,"z":0,"w":1},"receiveShadow":false,"renderOrder":0,"rotation":{"x":0,"y":0,"z":0,"order":"XYZ"},"scale":{"x":1,"y":1,"z":1},"type":"AudioListener","up":{"x":0,"y":1,"z":0},"userData":{},"uuid":"0EFCD402-16DA-401C-B919-D2C379A9D962","visible":true,"isObject3D":true,"masterVolume":1},{"_id":"5d7b87e4c8b49a0cf8861793","metadata":{"generator":"VisualSerializer","type":"Object","version":"0.0.1"},"data":[]},{"_id":"5d7b87e4c8b49a0cf8861794","metadata":{"generator":"SceneSerializer","type":"Object","version":"0.0.1"},"castShadow":false,"children":["A67514C6-56F1-4A79-A54D-934D6977EB81","49A52027-8325-47D7-9B2C-D4DE1A985E04","BA96B446-4101-47F6-862D-8953ED575953","10FE38AB-2F12-459B-91B6-C119E1E5DA72","690C0637-B337-484C-9932-0F17B7B61600","411574EB-7AE8-466F-ACE9-36524912B619"],"frustumCulled":true,"layers":{"mask":1},"matrix":{"elements":[1,0,0,0,0,1,0,0,0,0,1,0,0,0,0,1]},"matrixAutoUpdate":true,"matrixWorld":{"elements":[1,0,0,0,0,1,0,0,0,0,1,0,0,0,0,1]},"matrixWorldNeedsUpdate":false,"modelViewMatrix":{"elements":[1,0,0,0,0,1,0,0,0,0,1,0,0,0,0,1]},"name":"场景","normalMatrix":{"elements":[1,0,0,0,1,0,0,0,1]},"parent":null,"position":{"x":0,"y":0,"z":0},"quaternion":{"x":0,"y":0,"z":0,"w":1},"receiveShadow":false,"renderOrder":0,"rotation":{"x":0,"y":0,"z":0,"order":"XYZ"},"scale":{"x":1,"y":1,"z":1},"type":"Scene","up":{"x":0,"y":1,"z":0},"userData":{"physics":{"type":"btSoftBodyRigidBodyCollisionConfiguration","gravityX":0,"gravityY":-9.8,"gravityZ":0},"children":[{"uuid":"A67514C6-56F1-4A79-A54D-934D6977EB81","children":[]},{"uuid":"49A52027-8325-47D7-9B2C-D4DE1A985E04","children":[]},{"uuid":"BA96B446-4101-47F6-862D-8953ED575953","children":[]},{"uuid":"10FE38AB-2F12-459B-91B6-C119E1E5DA72","children":[]},{"uuid":"690C0637-B337-484C-9932-0F17B7B61600","children":[]},{"uuid":"411574EB-7AE8-466F-ACE9-36524912B619","children":[]}]},"uuid":"099B4CFE-70EC-4EA6-AFAB-27C07D6AB358","visible":true,"isObject3D":true,"background":11184810,"fog":{"type":"Fog","color":12632256,"near":200,"far":2000},"overrideMaterial":null},{"_id":"5d7b87e4c8b49a0cf8861795","metadata":{"generator":"AmbientLightSerializer","type":"Object","version":"0.0.1"},"children":[],"frustumCulled":true,"layers":{"mask":1},"matrix":{"elements":[1,0,0,0,0,1,0,0,0,0,1,0,0,0,0,1]},"matrixAutoUpdate":true,"matrixWorld":{"elements":[1,0,0,0,0,1,0,0,0,0,1,0,0,0,0,1]},"matrixWorldNeedsUpdate":false,"modelViewMatrix":{"elements":[1,0,0,0,0,1,0,0,0,0,1,0,0,0,0,1]},"name":"环境光","normalMatrix":{"elements":[1,0,0,0,1,0,0,0,1]},"parent":"099B4CFE-70EC-4EA6-AFAB-27C07D6AB358","position":{"x":0,"y":0,"z":0},"quaternion":{"x":0,"y":0,"z":0,"w":1},"renderOrder":0,"rotation":{"x":0,"y":0,"z":0,"order":"XYZ"},"scale":{"x":1,"y":1,"z":1},"type":"AmbientLight","up":{"x":0,"y":1,"z":0},"userData":{},"uuid":"A67514C6-56F1-4A79-A54D-934D6977EB81","visible":true,"isObject3D":true,"color":16777215,"intensity":0.66,"isLight":true,"shadow":null,"isAmbientLight":true},{"_id":"5d7b87e4c8b49a0cf8861796","metadata":{"generator":"DirectionalLightSerializer","type":"Object","version":"0.0.1"},"castShadow":true,"children":[],"frustumCulled":true,"layers":{"mask":1},"matrix":{"elements":[1,0,0,0,0,1,0,0,0,0,1,0,5,10,7.5,1]},"matrixAutoUpdate":true,"matrixWorld":{"elements":[1,0,0,0,0,1,0,0,0,0,1,0,5,10,7.5,1]},"matrixWorldNeedsUpdate":false,"modelViewMatrix":{"elements":[1,0,0,0,0,1,0,0,0,0,1,0,0,0,0,1]},"name":"平行光","normalMatrix":{"elements":[1,0,0,0,1,0,0,0,1]},"parent":"099B4CFE-70EC-4EA6-AFAB-27C07D6AB358","position":{"x":5,"y":10,"z":7.5},"quaternion":{"x":0,"y":0,"z":0,"w":1},"renderOrder":0,"rotation":{"x":0,"y":0,"z":0,"order":"XYZ"},"scale":{"x":1,"y":1,"z":1},"type":"DirectionalLight","up":{"x":0,"y":1,"z":0},"userData":{},"uuid":"49A52027-8325-47D7-9B2C-D4DE1A985E04","visible":true,"isObject3D":true,"color":16777215,"intensity":0.75,"isLight":true,"shadow":{"metadata":{"generator":"DirectionalLightShadowSerializer","type":"Object","version":"0.0.1"},"bias":0,"camera":{"metadata":{"generator":"OrthographicCameraSerializer","type":"Object","version":"0.0.1"},"castShadow":false,"children":[],"frustumCulled":true,"layers":{"mask":1},"matrix":{"elements":[0.83205029433784372,2.7755575615628914E-17,-0.554700196225229,0,-0.41202096209968375,0.66953406341198618,-0.61803144314952574,0,0.37139067635410372,0.74278135270820744,0.55708601453115558,0,5,10,7.5,1]},"matrixAutoUpdate":true,"matrixWorld":{"elements":[0.83205029433784372,2.7755575615628914E-17,-0.554700196225229,0,-0.41202096209968375,0.66953406341198618,-0.61803144314952574,0,0.37139067635410372,0.74278135270820744,0.55708601453115558,0,5,10,7.5,1]},"matrixWorldNeedsUpdate":false,"modelViewMatrix":{"elements":[1,0,0,0,0,1,0,0,0,0,1,0,0,0,0,1]},"name":"","normalMatrix":{"elements":[1,0,0,0,1,0,0,0,1]},"parent":null,"position":{"x":5,"y":10,"z":7.5},"quaternion":{"x":-0.38904698186552672,"y":0.26476298577359092,"z":0.1177939480420426,"w":0.87445273918619892},"receiveShadow":false,"renderOrder":0,"rotation":{"x":-0.92729521800161219,"y":0.3805063771123649,"z":0.45979025757734426,"order":"XYZ"},"scale":{"x":1,"y":1,"z":1},"type":"OrthographicCamera","up":{"x":0,"y":1,"z":0},"userData":{},"uuid":"3A43FB9D-3D11-4454-94EF-041AF44FA79E","visible":true,"isObject3D":true,"matrixWorldInverse":{"elements":[0.83205029433784372,-0.41202096209968375,0.37139067635410367,0,-5.5511151231257827E-17,0.66953406341198618,0.74278135270820744,0,-0.55470019622522915,-0.61803144314952574,0.55708601453115558,0,0,0,-13.46291201783626,1]},"projectionMatrix":{"elements":[0.01,0,0,0,0,0.01,0,0,0,0,-0.004004004004004004,0,0,0,-1.002002002002002,1]},"bottom":-100,"far":500,"left":-100,"near":0.5,"right":100,"top":100,"view":null,"zoom":1},"map":{"metadata":{"generator":"WebGLRenderTargetSerializer","type":"Object","version":"0.0.1"},"depthBuffer":true,"depthTexture":null,"height":2048,"scissor":{"x":0,"y":0,"z":2048,"w":2048},"scissorTest":false,"stencilBuffer":true,"texture":{"metadata":{"generator":"TextureSerializer","type":"Object","version":"0.0.1"},"anisotropy":1,"center":{"x":0,"y":0},"encoding":3000,"flipY":true,"format":1023,"generateMipmaps":false,"image":null,"magFilter":1003,"mapping":300,"matrix":{"elements":[1,0,0,0,1,0,0,0,1]},"matrixAutoUpdate":true,"minFilter":1003,"mipmaps":[],"name":"平行光.shadowMap","offset":{"x":0,"y":0},"premultiplyAlpha":false,"repeat":{"x":1,"y":1},"rotation":0,"type":1009,"unpackAlignment":4,"uuid":"8ADF8614-2C54-4896-BB0E-2DBF2E6A0D3E","version":0,"wrapS":1001,"wrapT":1001,"isTexture":true},"viewport":{"x":0,"y":0,"z":2048,"w":2048},"width":2048,"isWebGLRenderTarget":true},"mapSize":{"x":2048,"y":2048},"matrix":{"elements":[0.0041602514716892183,-0.0020601048104984189,-0.00074352487758579317,0,-2.7755575615628914E-19,0.0033476703170599309,-0.0014870497551715866,0,-0.002773500981126146,-0.0030901572157476286,-0.00111528731637869,0,0.5,0.5,0.025951775811484026,1]},"radius":1},"isDirectionalLight":true},{"_id":"5d7b87e4c8b49a0cf8861797","metadata":{"generator":"SkySerializer","type":"Object","version":"0.0.1"},"castShadow":false,"children":["087A045B-0DBE-442D-AE5B-EDE16E87047B","39D2E0BF-E25D-4A7D-9692-CDC9F7FA93C8"],"frustumCulled":true,"layers":{"mask":1},"matrix":{"elements":[1,0,0,0,0,1,0,0,0,0,1,0,0,0,0,1]},"matrixAutoUpdate":true,"matrixWorld":{"elements":[1,0,0,0,0,1,0,0,0,0,1,0,0,0,0,1]},"matrixWorldNeedsUpdate":false,"modelViewMatrix":{"elements":[1,0,0,0,0,1,0,0,0,0,1,0,0,0,0,1]},"name":"天空","normalMatrix":{"elements":[1,0,0,0,1,0,0,0,1]},"parent":"099B4CFE-70EC-4EA6-AFAB-27C07D6AB358","position":{"x":0,"y":0,"z":0},"quaternion":{"x":0,"y":0,"z":0,"w":1},"receiveShadow":false,"renderOrder":0,"rotation":{"x":0,"y":0,"z":0,"order":"XYZ"},"scale":{"x":1,"y":1,"z":1},"type":"Object3D","up":{"x":0,"y":1,"z":0},"userData":{"type":"Sky","turbidity":10,"rayleigh":2,"luminance":1,"mieCoefficient":0.005,"mieDirectionalG":0.8},"uuid":"BA96B446-4101-47F6-862D-8953ED575953","visible":true,"isObject3D":true},{"_id":"5d7b87e4c8b49a0cf8861798","metadata":{"generator":"FireSerializer","type":"Object","version":"0.0.1"},"castShadow":false,"children":["6F1068E8-F95A-45C4-9E5A-9143DEAB8568"],"frustumCulled":true,"layers":{"mask":1},"matrix":{"elements":[1,0,0,0,0,1,0,0,0,0,1,0,0,26.533172735461719,0,1]},"matrixAutoUpdate":true,"matrixWorld":{"elements":[1,0,0,0,0,1,0,0,0,0,1,0,0,26.533172735461719,0,1]},"matrixWorldNeedsUpdate":false,"modelViewMatrix":{"elements":[1,0,0,0,0,1,0,0,0,0,1,0,0,0,0,1]},"name":"火焰","normalMatrix":{"elements":[1,0,0,0,1,0,0,0,1]},"parent":"099B4CFE-70EC-4EA6-AFAB-27C07D6AB358","position":{"x":0,"y":26.533172735461719,"z":0},"quaternion":{"x":0,"y":0,"z":0,"w":1},"receiveShadow":false,"renderOrder":0,"rotation":{"x":0,"y":0,"z":0,"order":"XYZ"},"scale":{"x":1,"y":1,"z":1},"type":"Mesh","up":{"x":0,"y":1,"z":0},"userData":{"type":"Fire","width":20,"height":40,"depth":20,"sliceSpacing":2},"uuid":"10FE38AB-2F12-459B-91B6-C119E1E5DA72","visible":true,"isObject3D":true},{"_id":"5d7b87e4c8b49a0cf8861799","metadata":{"generator":"PerlinTerrainSerializer","type":"Object","version":"0.0.1"},"castShadow":false,"children":[],"frustumCulled":true,"layers":{"mask":1},"matrix":{"elements":[1,0,0,0,0,1,0,0,0,0,1,0,0,-33.340510078459417,0,1]},"matrixAutoUpdate":true,"matrixWorld":{"elements":[1,0,0,0,0,1,0,0,0,0,1,0,0,-33.340510078459417,0,1]},"matrixWorldNeedsUpdate":false,"modelViewMatrix":{"elements":[0.99823600216150365,-0.010359081739116134,0.058460015516087066,0,5.2041704279304228E-18,0.98466049067787509,0.1744812829446378,0,-0.059370733435075818,-0.17417349833866533,0.98292355170066636,0,8.677443008065687,-75.024471937830867,-381.58252196268364,1.0000000000000002]},"name":"地形","normalMatrix":{"elements":[0.99823600216150343,-0.010359081739116132,0.058460015516087052,5.204170427930419E-18,0.98466049067787476,0.17448128294463772,-0.059370733435075804,-0.1741734983386653,0.98292355170066614]},"parent":"099B4CFE-70EC-4EA6-AFAB-27C07D6AB358","position":{"x":0,"y":-33.340510078459417,"z":0},"quaternion":{"x":0,"y":0,"z":0,"w":1},"receiveShadow":false,"renderOrder":0,"rotation":{"x":0,"y":0,"z":0,"order":"XYZ"},"scale":{"x":1,"y":1,"z":1},"type":"Mesh","up":{"x":0,"y":1,"z":0},"userData":{"type":"PerlinTerrain","width":1000,"depth":1000,"widthSegments":256,"depthSegments":256,"quality":80},"uuid":"690C0637-B337-484C-9932-0F17B7B61600","visible":true,"isObject3D":true},{"_id":"5d7b87e4c8b49a0cf886179a","metadata":{"generator":"ClothSerializer","type":"Object","version":"0.0.1"},"castShadow":true,"children":[],"frustumCulled":true,"layers":{"mask":1},"matrix":{"elements":[0.4,0,0,0,0,0.4,0,0,0,0,0.4,0,101.44719974485626,85.563375764458414,0,1]},"matrixAutoUpdate":true,"matrixWorld":{"elements":[0.4,0,0,0,0,0.4,0,0,0,0,0.4,0,101.44719974485626,85.563375764458414,0,1]},"matrixWorldNeedsUpdate":false,"modelViewMatrix":{"elements":[0.3992944008646015,-0.004143632695646454,0.023384006206434826,0,2.0816681711721692E-18,0.39386419627115005,0.06979251317785512,0,-0.023748293374030328,-0.069669399335466134,0.39316942068026656,0,109.94569011185052,41.004586805401253,-354.90541454256072,1.0000000000000002]},"name":"布","normalMatrix":{"elements":[2.4955900054037579,-0.025897704347790321,0.14615003879021757,1.6940658945085991E-17,2.4616512266946864,0.43620320736159424,-0.14842683358768946,-0.43543374584666311,2.4573088792516646]},"parent":"099B4CFE-70EC-4EA6-AFAB-27C07D6AB358","position":{"x":101.44719974485626,"y":85.563375764458414,"z":0},"quaternion":{"x":0,"y":0,"z":0,"w":1},"receiveShadow":false,"renderOrder":0,"rotation":{"x":0,"y":0,"z":0,"order":"XYZ"},"scale":{"x":0.4,"y":0.4,"z":0.4},"type":"Mesh","up":{"x":0,"y":1,"z":0},"userData":{"type":"Cloth"},"uuid":"411574EB-7AE8-466F-ACE9-36524912B619","visible":true,"isObject3D":true}]}