{"Code":200,"Msg":"Get Successfully!","Data":[{"_id":"5d7b8f30c8b49a0cf8861895","metadata":{"generator":"OptionsSerializer","type":"Object","version":"0.0.1"},"server":"http://localhost:2000","sceneType":"Empty","shadowMapType":2,"gammaInput":false,"gammaOutput":false,"gammaFactor":2,"hueRotate":0,"saturate":1,"brightness":1,"blur":0,"contrast":1,"grayscale":0,"invert":0,"sepia":0},{"_id":"5d7b8f30c8b49a0cf8861896","metadata":{"generator":"PerspectiveCameraSerializer","type":"Object","version":"0.0.1"},"castShadow":false,"children":["985E6EDA-05D2-4564-BF27-B961A41D55D7"],"frustumCulled":true,"layers":{"mask":1},"matrix":{"elements":[0.9828629319409764,6.9388939039072284E-18,-0.18433788817383032,0,-0.058832216527098219,0.94770279005571545,-0.31368486099765985,0,0.17469753093531745,0.31915422873684846,0.93146194284280415,0,10.136310897948144,18.51798631355209,54.045342207825811,1]},"matrixAutoUpdate":true,"matrixWorld":{"elements":[0.9828629319409764,6.9388939039072284E-18,-0.18433788817383032,0,-0.058832216527098219,0.94770279005571545,-0.31368486099765985,0,0.17469753093531745,0.31915422873684846,0.93146194284280415,0,10.136310897948144,18.51798631355209,54.045342207825811,1]},"matrixWorldNeedsUpdate":false,"modelViewMatrix":{"elements":[1,0,0,0,0,1,0,0,0,0,1,0,0,0,0,1]},"name":"DefaultCamera","normalMatrix":{"elements":[1,0,0,0,1,0,0,0,1]},"parent":null,"position":{"x":10.136310897948144,"y":18.51798631355209,"z":54.045342207825811},"quaternion":{"x":-0.16101102372388734,"y":0.091348118853010488,"z":0.014968473921147153,"w":0.98260211490199545},"receiveShadow":false,"renderOrder":0,"rotation":{"x":-0.33010122228949473,"y":0.17559856675284932,"z":0.059786670532875355,"order":"XYZ"},"scale":{"x":1,"y":1,"z":1},"type":"PerspectiveCamera","up":{"x":0,"y":1,"z":0},"userData":{"isDefault":true,"control":"OrbitControls"},"uuid":"265CA87E-0B25-4518-A4A3-70F464C83FDE","visible":true,"isObject3D":true,"matrixWorldInverse":{"elements":[0.98286293194097651,-0.05883221652709824,0.17469753093531745,0,0,0.94770279005571545,0.3191542287368484,0,-0.18433788817383029,-0.31368486099765991,0.93146194284280415,0,-6.6613381477509392E-16,3.5527136788005009E-15,-58.022061580831156,1]},"projectionMatrix":{"elements":[1.1615432125569514,0,0,0,0,2.1445069205095586,0,0,0,0,-1.0000200002000021,-1,0,0,-0.20000200002000021,0]},"aspect":1.8462566844919786,"far":10000,"filmGauge":35,"filmOffset":0,"focus":10,"fov":50,"near":0.1,"view":null,"zoom":1},{"_id":"5d7b8f30c8b49a0cf8861897","metadata":{"generator":"WebGLRendererSerializer","type":"Object","version":"0.0.1"},"antialias":true,"autoClear":false,"autoClearColor":true,"autoClearDepth":true,"autoClearStencil":true,"autoUpdateScene":false,"clippingPlanes":[],"gammaFactor":2,"gammaInput":false,"gammaOutput":false,"localClippingEnabled":false,"physicallyCorrectLights":false,"shadowMap":{"metadata":{"generator":"WebGLShadowMapSerializer","type":"Object","version":"0.0.1"},"autoUpdate":true,"enabled":true,"needsUpdate":false,"type":2},"sortObjects":true,"toneMapping":1,"toneMappingExposure":1,"toneMappingWhitePoint":1},{"_id":"5d7b8f30c8b49a0cf8861898","metadata":{"generator":"AnimationSerializer","type":"Object","version":"0.0.1"},"id":null,"uuid":"0234E76D-9202-4408-B158-B97C3F2CDD54","layer":0,"layerName":"AnimLayer1","animations":[]},{"_id":"5d7b8f30c8b49a0cf8861899","metadata":{"generator":"AnimationSerializer","type":"Object","version":"0.0.1"},"id":null,"uuid":"7180FB10-0B1B-43C2-BEEC-7DCDC46D9FED","layer":1,"layerName":"AnimLayer2","animations":[]},{"_id":"5d7b8f30c8b49a0cf886189a","metadata":{"generator":"AnimationSerializer","type":"Object","version":"0.0.1"},"id":null,"uuid":"45133C82-C308-4D0E-AF5A-7AD4E62F2629","layer":2,"layerName":"AnimLayer3","animations":[]},{"_id":"5d7b8f30c8b49a0cf886189b","metadata":{"generator":"AudioListenerSerializer","type":"Object","version":"0.0.1"},"castShadow":false,"children":[],"frustumCulled":true,"layers":{"mask":1},"matrix":{"elements":[1,0,0,0,0,1,0,0,0,0,1,0,0,0,0,1]},"matrixAutoUpdate":true,"matrixWorld":{"elements":[0.9828629319409764,6.9388939039072284E-18,-0.18433788817383032,0,-0.058832216527098219,0.94770279005571545,-0.31368486099765985,0,0.17469753093531745,0.31915422873684846,0.93146194284280415,0,10.136310897948144,18.51798631355209,54.045342207825811,1]},"matrixWorldNeedsUpdate":false,"modelViewMatrix":{"elements":[1,0,0,0,0,1,0,0,0,0,1,0,0,0,0,1]},"name":"AudioListener","normalMatrix":{"elements":[1,0,0,0,1,0,0,0,1]},"parent":"265CA87E-0B25-4518-A4A3-70F464C83FDE","position":{"x":0,"y":0,"z":0},"quaternion":{"x":0,"y":0,"z":0,"w":1},"receiveShadow":false,"renderOrder":0,"rotation":{"x":0,"y":0,"z":0,"order":"XYZ"},"scale":{"x":1,"y":1,"z":1},"type":"AudioListener","up":{"x":0,"y":1,"z":0},"userData":{},"uuid":"985E6EDA-05D2-4564-BF27-B961A41D55D7","visible":true,"isObject3D":true,"masterVolume":1},{"_id":"5d7b8f30c8b49a0cf886189c","metadata":{"generator":"VisualSerializer","type":"Object","version":"0.0.1"},"data":[]},{"_id":"5d7b8f30c8b49a0cf886189d","metadata":{"generator":"SceneSerializer","type":"Object","version":"0.0.1"},"castShadow":false,"children":["2565486E-8C00-4C01-875F-04EB1F63BD65","1AC7E203-9FF0-4029-8884-734E8E5531A0","AE34A448-7404-4F82-80DA-BB8AD7E537E4"],"frustumCulled":true,"layers":{"mask":1},"matrix":{"elements":[1,0,0,0,0,1,0,0,0,0,1,0,0,0,0,1]},"matrixAutoUpdate":true,"matrixWorld":{"elements":[1,0,0,0,0,1,0,0,0,0,1,0,0,0,0,1]},"matrixWorldNeedsUpdate":false,"modelViewMatrix":{"elements":[1,0,0,0,0,1,0,0,0,0,1,0,0,0,0,1]},"name":"Scene","normalMatrix":{"elements":[1,0,0,0,1,0,0,0,1]},"parent":null,"position":{"x":0,"y":0,"z":0},"quaternion":{"x":0,"y":0,"z":0,"w":1},"receiveShadow":false,"renderOrder":0,"rotation":{"x":0,"y":0,"z":0,"order":"XYZ"},"scale":{"x":1,"y":1,"z":1},"type":"Scene","up":{"x":0,"y":1,"z":0},"userData":{"children":[{"uuid":"2565486E-8C00-4C01-875F-04EB1F63BD65","children":[]},{"uuid":"1AC7E203-9FF0-4029-8884-734E8E5531A0","children":[]},{"uuid":"AE34A448-7404-4F82-80DA-BB8AD7E537E4","children":[]}]},"uuid":"875B1B2F-9A99-4C86-92F2-C7A02D3339B1","visible":true,"isObject3D":true,"background":11184810,"fog":null,"overrideMaterial":null},{"_id":"5d7b8f30c8b49a0cf886189e","metadata":{"generator":"AmbientLightSerializer","type":"Object","version":"0.0.1"},"children":[],"frustumCulled":true,"layers":{"mask":1},"matrix":{"elements":[1,0,0,0,0,1,0,0,0,0,1,0,0,0,0,1]},"matrixAutoUpdate":true,"matrixWorld":{"elements":[1,0,0,0,0,1,0,0,0,0,1,0,0,0,0,1]},"matrixWorldNeedsUpdate":false,"modelViewMatrix":{"elements":[1,0,0,0,0,1,0,0,0,0,1,0,0,0,0,1]},"name":"Ambient","normalMatrix":{"elements":[1,0,0,0,1,0,0,0,1]},"parent":"875B1B2F-9A99-4C86-92F2-C7A02D3339B1","position":{"x":0,"y":0,"z":0},"quaternion":{"x":0,"y":0,"z":0,"w":1},"renderOrder":0,"rotation":{"x":0,"y":0,"z":0,"order":"XYZ"},"scale":{"x":1,"y":1,"z":1},"type":"AmbientLight","up":{"x":0,"y":1,"z":0},"userData":{},"uuid":"2565486E-8C00-4C01-875F-04EB1F63BD65","visible":true,"isObject3D":true,"color":16777215,"intensity":0.24,"isLight":true,"shadow":null,"isAmbientLight":true},{"_id":"5d7b8f30c8b49a0cf886189f","metadata":{"generator":"DirectionalLightSerializer","type":"Object","version":"0.0.1"},"castShadow":true,"children":[],"frustumCulled":true,"layers":{"mask":1},"matrix":{"elements":[1,0,0,0,0,1,0,0,0,0,1,0,4.4637630886760071,10,15.665800254776512,1]},"matrixAutoUpdate":true,"matrixWorld":{"elements":[1,0,0,0,0,1,0,0,0,0,1,0,4.4637630886760071,10,15.665800254776512,1]},"matrixWorldNeedsUpdate":false,"modelViewMatrix":{"elements":[1,0,0,0,0,1,0,0,0,0,1,0,0,0,0,1]},"name":"Directional","normalMatrix":{"elements":[1,0,0,0,1,0,0,0,1]},"parent":"875B1B2F-9A99-4C86-92F2-C7A02D3339B1","position":{"x":4.4637630886760071,"y":10,"z":15.665800254776512},"quaternion":{"x":0,"y":0,"z":0,"w":1},"renderOrder":0,"rotation":{"x":0,"y":0,"z":0,"order":"XYZ"},"scale":{"x":1,"y":1,"z":1},"type":"DirectionalLight","up":{"x":0,"y":1,"z":0},"userData":{},"uuid":"1AC7E203-9FF0-4029-8884-734E8E5531A0","visible":true,"isObject3D":true,"color":16777215,"intensity":0.56,"isLight":true,"shadow":{"metadata":{"generator":"DirectionalLightShadowSerializer","type":"Object","version":"0.0.1"},"bias":0,"camera":{"metadata":{"generator":"OrthographicCameraSerializer","type":"Object","version":"0.0.1"},"castShadow":false,"children":[],"frustumCulled":true,"layers":{"mask":1},"matrix":{"elements":[0.96172120973837183,-1.3877787807814457E-17,-0.27402976980496579,0,-0.14336649258757045,0.85222310696714054,-0.503151890341686,0,0.23353450182467825,0.523178531623072,0.81960103739943224,0,4.4637630886760071,10,15.665800254776512,1]},"matrixAutoUpdate":true,"matrixWorld":{"elements":[0.96172120973837183,-1.3877787807814457E-17,-0.27402976980496579,0,-0.14336649258757045,0.85222310696714054,-0.503151890341686,0,0.23353450182467825,0.523178531623072,0.81960103739943224,0,4.4637630886760071,10,15.665800254776512,1]},"matrixWorldNeedsUpdate":false,"modelViewMatrix":{"elements":[1,0,0,0,0,1,0,0,0,0,1,0,0,0,0,1]},"name":"","normalMatrix":{"elements":[1,0,0,0,1,0,0,0,1]},"parent":null,"position":{"x":4.4637630886760071,"y":10,"z":15.665800254776512},"quaternion":{"x":-0.2692104499140956,"y":0.1331360768437094,"z":0.037605586998210393,"w":0.95309303770735632},"receiveShadow":false,"renderOrder":0,"rotation":{"x":-0.5681298145375423,"y":0.23571112086955964,"z":0.14798304679300939,"order":"XYZ"},"scale":{"x":1,"y":1,"z":1},"type":"OrthographicCamera","up":{"x":0,"y":1,"z":0},"userData":{},"uuid":"9EF12308-270D-44D2-8758-FEFE41751C8D","visible":true,"isObject3D":true,"matrixWorldInverse":{"elements":[0.96172120973837194,-0.14336649258757045,0.23353450182467828,0,-1.3877787807814457E-17,0.85222310696714043,0.523178531623072,0,-0.27402976980496579,-0.50315189034168584,0.81960103739943224,0,1.9984014443252818E-15,8.8817841970012523E-16,-19.113934145915177,1]},"projectionMatrix":{"elements":[0.05,0,0,0,0,0.05,0,0,0,0,-0.0040008001600320064,0,0,0,-1.0004000800160033,1]},"bottom":-20,"far":500,"left":-20,"near":0.1,"right":20,"top":20,"view":null,"zoom":1},"map":{"metadata":{"generator":"WebGLRenderTargetSerializer","type":"Object","version":"0.0.1"},"depthBuffer":true,"depthTexture":null,"height":2048,"scissor":{"x":0,"y":0,"z":2048,"w":2048},"scissorTest":false,"stencilBuffer":true,"texture":{"metadata":{"generator":"TextureSerializer","type":"Object","version":"0.0.1"},"anisotropy":1,"center":{"x":0,"y":0},"encoding":3000,"flipY":true,"format":1023,"generateMipmaps":false,"image":null,"magFilter":1003,"mapping":300,"matrix":{"elements":[1,0,0,0,1,0,0,0,1]},"matrixAutoUpdate":true,"minFilter":1003,"mipmaps":[],"name":"Directional.shadowMap","offset":{"x":0,"y":0},"premultiplyAlpha":false,"repeat":{"x":1,"y":1},"rotation":0,"type":1009,"unpackAlignment":4,"uuid":"04FB28E0-77D4-4FE4-9B88-132AE49AB9BC","version":0,"wrapS":1001,"wrapT":1001,"isTexture":true},"viewport":{"x":0,"y":0,"z":2048,"w":2048},"width":2048,"isWebGLRenderTarget":true},"mapSize":{"x":2048,"y":2048},"matrix":{"elements":[0.0240430302434593,-0.0035841623146892613,-0.00046716243613658385,0,-3.4694469519536144E-19,0.021305577674178511,-0.0010465663765214484,0,-0.0068507442451241456,-0.012578797258542147,-0.0016395299807950236,0,0.5,0.5,0.038035475386907672,1]},"radius":0},"isDirectionalLight":true},{"_id":"5d7b8f30c8b49a0cf88618a0","metadata":{"generator":"MeshSerializer","type":"Object","version":"0.0.1"},"castShadow":true,"children":[],"frustumCulled":true,"layers":{"mask":1},"matrix":{"elements":[10,0,0,0,0,10,0,0,0,0,10,0,0,0,0,1]},"matrixAutoUpdate":true,"matrixWorld":{"elements":[10,0,0,0,0,10,0,0,0,0,10,0,0,0,0,1]},"matrixWorldNeedsUpdate":false,"modelViewMatrix":{"elements":[9.8286293194097656,-0.58832216527098236,1.7469753093531746,0,0,9.4770279005571538,3.1915422873684838,0,-1.8433788817383028,-3.1368486099765991,9.3146194284280419,0,-6.6613381477509392E-16,3.5527136788005009E-15,-58.022061580831156,1]},"name":"Box","normalMatrix":{"elements":[0.098286293194097638,-0.00588322165270982,0.017469753093531742,0,0.09477027900557157,0.031915422873684852,-0.018433788817383032,-0.031368486099765988,0.09314619428428042]},"parent":"875B1B2F-9A99-4C86-92F2-C7A02D3339B1","position":{"x":0,"y":0,"z":0},"quaternion":{"x":0,"y":0,"z":0,"w":1},"receiveShadow":true,"renderOrder":0,"rotation":{"x":0,"y":0,"z":0,"order":"XYZ"},"scale":{"x":10,"y":10,"z":10},"type":"Mesh","up":{"x":0,"y":1,"z":0},"userData":{"physics":{"enabled":false,"type":"rigidBody","shape":"btBoxShape","mass":1,"inertia":{"x":0,"y":0,"z":0}}},"uuid":"AE34A448-7404-4F82-80DA-BB8AD7E537E4","visible":true,"isObject3D":true,"drawMode":0,"geometry":{"metadata":{"generator":"BoxBufferGeometrySerializer","type":"Object","version":"0.0.1"},"boundingBox":null,"boundingSphere":{"center":{"x":0,"y":0,"z":0},"radius":0.8660254037844386},"drawRange":{"start":0,"count":null},"groups":[{"start":0,"count":6,"materialIndex":0},{"start":6,"count":6,"materialIndex":1},{"start":12,"count":6,"materialIndex":2},{"start":18,"count":6,"materialIndex":3},{"start":24,"count":6,"materialIndex":4},{"start":30,"count":6,"materialIndex":5}],"morphAttributes":{},"name":"","parameters":{"width":1,"height":1,"depth":1},"type":"BoxBufferGeometry","userData":{},"uuid":"5E0A5199-F2A7-43B7-8CCE-BA2839C0F583"},"material":{"metadata":{"generator":"MeshPhongMaterialSerializer","type":"Object","version":"0.0.1"},"alphaMap":null,"alphaTest":0,"aoMap":null,"aoMapIntensity":1,"blendDst":205,"blendDstAlpha":null,"blendEquation":100,"blendEquationAlpha":null,"blendSrc":204,"blendSrcAlpha":null,"blending":1,"bumpMap":{"metadata":{"generator":"TextureSerializer","type":"Object","version":"0.0.1"},"anisotropy":1,"center":{"x":0,"y":0},"encoding":3000,"flipY":true,"format":1022,"generateMipmaps":true,"image":{"tagName":"img","src":"/Upload/Texture/20190913203141/brick_bump.jpg","width":1024,"height":1024},"magFilter":1006,"mapping":300,"matrix":{"elements":[1,0,0,0,1,0,0,0,1]},"matrixAutoUpdate":true,"minFilter":1008,"mipmaps":[],"name":"","offset":{"x":0,"y":0},"premultiplyAlpha":false,"repeat":{"x":1,"y":1},"rotation":0,"type":1009,"unpackAlignment":4,"uuid":"F54E0FE4-E7C2-4B62-A1BA-04F79E6B775A","version":2,"wrapS":1001,"wrapT":1001,"isTexture":true},"bumpScale":1,"clipIntersection":false,"clippingPlanes":null,"color":16777215,"colorWrite":true,"depthFunc":3,"depthTest":true,"depthWrite":true,"displacementBias":0,"displacementMap":null,"displacementScale":1,"dithering":false,"emissive":0,"emissiveIntensity":1,"emissiveMap":null,"envMap":null,"flatShading":false,"fog":true,"lightMap":{"metadata":{"generator":"TextureSerializer","type":"Object","version":"0.0.1"},"anisotropy":1,"center":{"x":0,"y":0},"encoding":3000,"flipY":true,"format":1022,"generateMipmaps":true,"image":{"tagName":"img","src":"/Upload/Texture/20190913203146/brick_roughness.jpg","width":1024,"height":1024},"magFilter":1006,"mapping":300,"matrix":{"elements":[1,0,0,0,1,0,0,0,1]},"matrixAutoUpdate":true,"minFilter":1008,"mipmaps":[],"name":"","offset":{"x":0,"y":0},"premultiplyAlpha":false,"repeat":{"x":1,"y":1},"rotation":0,"type":1009,"unpackAlignment":4,"uuid":"A2297174-A2EE-43AB-AD9B-FF094BF62787","version":2,"wrapS":1001,"wrapT":1001,"isTexture":true},"lightMapIntensity":1,"lights":true,"map":{"metadata":{"generator":"TextureSerializer","type":"Object","version":"0.0.1"},"anisotropy":8,"center":{"x":0,"y":0},"encoding":3000,"flipY":true,"format":1022,"generateMipmaps":true,"image":{"tagName":"img","src":"/Upload/Texture/20190913203135/brick_diffuse.jpg","width":1024,"height":1024},"magFilter":1006,"mapping":300,"matrix":{"elements":[1,0,0,0,1,0,0,0,1]},"matrixAutoUpdate":true,"minFilter":1008,"mipmaps":[],"name":"","offset":{"x":0,"y":0},"premultiplyAlpha":false,"repeat":{"x":1,"y":1},"rotation":0,"type":1009,"unpackAlignment":4,"uuid":"C7F1D2D5-F9F7-4CCF-AE0E-1D6D9FD43EF2","version":4,"wrapS":1001,"wrapT":1001,"isTexture":true},"metalnessMap":null,"morphNormals":false,"morphTargets":false,"name":"","normalMap":null,"normalScale":{"x":1,"y":1},"opacity":1,"polygonOffset":false,"polygonOffsetFactor":0,"polygonOffsetUnits":0,"precision":null,"premultipliedAlpha":false,"refractionRatio":0.98,"roughnessMap":null,"shadowSide":null,"side":0,"skinning":false,"transparent":false,"type":"MeshPhongMaterial","userData":{},"uuid":"ABA048B0-1D66-4C0E-90B8-72D67DC884E7","vertexColors":0,"visible":true,"wireframe":false,"wireframeLinecap":"round","wireframeLinejoin":"round","wireframeLinewidth":1,"specular":16777215,"shininess":null}}]}