{"Code":200,"Msg":"Get Successfully!","Data":[{"_id":"5d7b89c2c8b49a0cf88617e8","metadata":{"generator":"OptionsSerializer","type":"Object","version":"0.0.1"},"server":"http://localhost:2000","sceneType":"Empty","shadowMapType":2,"gammaInput":false,"gammaOutput":false,"gammaFactor":2,"hueRotate":0,"saturate":1,"brightness":1,"blur":0,"contrast":1,"grayscale":0,"invert":0,"sepia":0,"theme":"assets/css/light.css","showGrid":true,"showCameraHelper":true,"showPointLightHelper":false,"showDirectionalLightHelper":true,"showSpotLightHelper":true,"showHemisphereLightHelper":true,"showRectAreaLightHelper":true,"showSkeletonHelper":false,"selected":"101402AA-5BDD-437D-B3F0-3BEDB0C76F48"},{"_id":"5d7b89c2c8b49a0cf88617e9","metadata":{"generator":"PerspectiveCameraSerializer","type":"Object","version":"0.0.1"},"castShadow":false,"children":["5F25A48E-C111-42C1-96E7-BBE4091FA3A1"],"frustumCulled":true,"layers":{"mask":1},"matrix":{"elements":[0.97998739730063267,3.8163916471489756E-17,-0.19905954167517823,0,-0.051142962563760733,0.96643189268959517,-0.25178124269414609,0,0.19237748961906584,0.2569229394048082,0.94709107518520075,0,33.231327732490612,44.380922208009956,163.6007101159154,1]},"matrixAutoUpdate":true,"matrixWorld":{"elements":[0.97998739730063267,3.8163916471489756E-17,-0.19905954167517823,0,-0.051142962563760733,0.96643189268959517,-0.25178124269414609,0,0.19237748961906584,0.2569229394048082,0.94709107518520075,0,33.231327732490612,44.380922208009956,163.6007101159154,1]},"matrixWorldNeedsUpdate":false,"modelViewMatrix":{"elements":[1,0,0,0,0,1,0,0,0,0,1,0,0,0,0,1]},"name":"默认相机","normalMatrix":{"elements":[1,0,0,0,1,0,0,0,1]},"parent":null,"position":{"x":33.231327732490612,"y":44.380922208009956,"z":163.6007101159154},"quaternion":{"x":-0.1289034807771271,"y":0.099188482451041,"z":0.012959409660289913,"w":0.986599002276942},"receiveShadow":false,"renderOrder":0,"rotation":{"x":-0.26490061534495457,"y":0.19358431788664079,"z":0.052140067085093979,"order":"XYZ"},"scale":{"x":1,"y":1,"z":1},"type":"PerspectiveCamera","up":{"x":0,"y":1,"z":0},"userData":{"isDefault":true,"control":"OrbitControls"},"uuid":"41D49906-5862-4375-894D-C5D611FEC7AA","visible":true,"isObject3D":true,"matrixWorldInverse":{"elements":[0.97998739730063267,-0.051142962563760747,0.19237748961906584,0,4.163336342344337E-17,0.96643189268959528,0.25692293940480815,0,-0.1990595416751782,-0.25178124269414615,0.94709107518520075,0,1.7763568394002505E-15,2.1316282072803006E-14,-172.7402088378077,1]},"projectionMatrix":{"elements":[1.1615432125569514,0,0,0,0,2.1445069205095586,0,0,0,0,-1.0000200002000021,-1,0,0,-0.20000200002000021,0]},"aspect":1.8462566844919786,"far":10000,"filmGauge":35,"filmOffset":0,"focus":10,"fov":50,"near":0.1,"view":null,"zoom":1},{"_id":"5d7b89c2c8b49a0cf88617ea","metadata":{"generator":"WebGLRendererSerializer","type":"Object","version":"0.0.1"},"antialias":true,"autoClear":false,"autoClearColor":true,"autoClearDepth":true,"autoClearStencil":true,"autoUpdateScene":false,"clippingPlanes":[],"gammaFactor":2,"gammaInput":false,"gammaOutput":false,"localClippingEnabled":false,"physicallyCorrectLights":false,"shadowMap":{"metadata":{"generator":"WebGLShadowMapSerializer","type":"Object","version":"0.0.1"},"autoUpdate":true,"enabled":true,"needsUpdate":false,"type":2},"sortObjects":true,"toneMapping":1,"toneMappingExposure":1,"toneMappingWhitePoint":1},{"_id":"5c1798ddc8b49b1d70bb6aa9","metadata":{"generator":"AnimationSerializer","type":"Object","version":"0.0.1"},"id":null,"uuid":"4690DA1F-E299-428A-A8D8-E881FEF0E074","name":"组1","type":"AnimationGroup","index":1,"animations":[],"layerName":"Anim Layer1"},{"_id":"5c1798ddc8b49b1d70bb6aaa","metadata":{"generator":"AnimationSerializer","type":"Object","version":"0.0.1"},"id":null,"uuid":"2A30EAE0-43A0-49B5-AA35-CAC0443C0957","name":"组2","type":"AnimationGroup","index":1,"animations":[],"layerName":"Anim Layer2"},{"_id":"5c1798ddc8b49b1d70bb6aab","metadata":{"generator":"AnimationSerializer","type":"Object","version":"0.0.1"},"id":null,"uuid":"981F8A5B-1B4A-4301-87DA-C63E429EBF1E","name":"组3","type":"AnimationGroup","index":2,"animations":[],"layerName":"Anim Layer3"},{"_id":"5d7b89c2c8b49a0cf88617eb","metadata":{"generator":"AudioListenerSerializer","type":"Object","version":"0.0.1"},"castShadow":false,"children":[],"frustumCulled":true,"layers":{"mask":1},"matrix":{"elements":[1,0,0,0,0,1,0,0,0,0,1,0,0,0,0,1]},"matrixAutoUpdate":true,"matrixWorld":{"elements":[0.97998739730063267,3.8163916471489756E-17,-0.19905954167517823,0,-0.051142962563760733,0.96643189268959517,-0.25178124269414609,0,0.19237748961906584,0.2569229394048082,0.94709107518520075,0,33.231327732490612,44.380922208009956,163.6007101159154,1]},"matrixWorldNeedsUpdate":false,"modelViewMatrix":{"elements":[1,0,0,0,0,1,0,0,0,0,1,0,0,0,0,1]},"name":"音频监听器","normalMatrix":{"elements":[1,0,0,0,1,0,0,0,1]},"parent":"41D49906-5862-4375-894D-C5D611FEC7AA","position":{"x":0,"y":0,"z":0},"quaternion":{"x":0,"y":0,"z":0,"w":1},"receiveShadow":false,"renderOrder":0,"rotation":{"x":0,"y":0,"z":0,"order":"XYZ"},"scale":{"x":1,"y":1,"z":1},"type":"AudioListener","up":{"x":0,"y":1,"z":0},"userData":{},"uuid":"5F25A48E-C111-42C1-96E7-BBE4091FA3A1","visible":true,"isObject3D":true,"masterVolume":1},{"_id":"5d7b89c2c8b49a0cf88617ec","metadata":{"generator":"VisualSerializer","type":"Object","version":"0.0.1"},"data":[]},{"_id":"5d7b89c2c8b49a0cf88617ed","metadata":{"generator":"SceneSerializer","type":"Object","version":"0.0.1"},"castShadow":false,"children":["51788C08-AB1D-48C0-9E33-CC075B73626A","8FCCD7FC-15FF-490B-8BF3-F93156C28C11","C73513A8-9D05-466F-AF27-683F9977379D","EB0DFAB9-818C-4ED4-8986-1329469D495E","101402AA-5BDD-437D-B3F0-3BEDB0C76F48"],"frustumCulled":true,"layers":{"mask":1},"matrix":{"elements":[1,0,0,0,0,1,0,0,0,0,1,0,0,0,0,1]},"matrixAutoUpdate":true,"matrixWorld":{"elements":[1,0,0,0,0,1,0,0,0,0,1,0,0,0,0,1]},"matrixWorldNeedsUpdate":false,"modelViewMatrix":{"elements":[1,0,0,0,0,1,0,0,0,0,1,0,0,0,0,1]},"name":"场景","normalMatrix":{"elements":[1,0,0,0,1,0,0,0,1]},"parent":null,"position":{"x":0,"y":0,"z":0},"quaternion":{"x":0,"y":0,"z":0,"w":1},"receiveShadow":false,"renderOrder":0,"rotation":{"x":0,"y":0,"z":0,"order":"XYZ"},"scale":{"x":1,"y":1,"z":1},"type":"Scene","up":{"x":0,"y":1,"z":0},"userData":{"children":[{"uuid":"51788C08-AB1D-48C0-9E33-CC075B73626A","children":[]},{"uuid":"8FCCD7FC-15FF-490B-8BF3-F93156C28C11","children":[]},{"uuid":"C73513A8-9D05-466F-AF27-683F9977379D","children":[]},{"uuid":"EB0DFAB9-818C-4ED4-8986-1329469D495E","children":[]},{"uuid":"101402AA-5BDD-437D-B3F0-3BEDB0C76F48","children":[]}]},"uuid":"F8838FF4-94A4-439E-A46C-6B78CE985081","visible":true,"isObject3D":true,"background":11184810,"fog":null,"overrideMaterial":null},{"_id":"5d7b89c2c8b49a0cf88617ee","metadata":{"generator":"AmbientLightSerializer","type":"Object","version":"0.0.1"},"children":[],"frustumCulled":true,"layers":{"mask":1},"matrix":{"elements":[1,0,0,0,0,1,0,0,0,0,1,0,0,0,0,1]},"matrixAutoUpdate":true,"matrixWorld":{"elements":[1,0,0,0,0,1,0,0,0,0,1,0,0,0,0,1]},"matrixWorldNeedsUpdate":false,"modelViewMatrix":{"elements":[1,0,0,0,0,1,0,0,0,0,1,0,0,0,0,1]},"name":"环境光","normalMatrix":{"elements":[1,0,0,0,1,0,0,0,1]},"parent":"F8838FF4-94A4-439E-A46C-6B78CE985081","position":{"x":0,"y":0,"z":0},"quaternion":{"x":0,"y":0,"z":0,"w":1},"renderOrder":0,"rotation":{"x":0,"y":0,"z":0,"order":"XYZ"},"scale":{"x":1,"y":1,"z":1},"type":"AmbientLight","up":{"x":0,"y":1,"z":0},"userData":{},"uuid":"51788C08-AB1D-48C0-9E33-CC075B73626A","visible":true,"isObject3D":true,"color":16777215,"intensity":0.24,"isLight":true,"shadow":null,"isAmbientLight":true},{"_id":"5d7b89c2c8b49a0cf88617ef","metadata":{"generator":"DirectionalLightSerializer","type":"Object","version":"0.0.1"},"castShadow":true,"children":[],"frustumCulled":true,"layers":{"mask":1},"matrix":{"elements":[1,0,0,0,0,1,0,0,0,0,1,0,5,10,7.5,1]},"matrixAutoUpdate":true,"matrixWorld":{"elements":[1,0,0,0,0,1,0,0,0,0,1,0,5,10,7.5,1]},"matrixWorldNeedsUpdate":false,"modelViewMatrix":{"elements":[1,0,0,0,0,1,0,0,0,0,1,0,0,0,0,1]},"name":"平行光","normalMatrix":{"elements":[1,0,0,0,1,0,0,0,1]},"parent":"F8838FF4-94A4-439E-A46C-6B78CE985081","position":{"x":5,"y":10,"z":7.5},"quaternion":{"x":0,"y":0,"z":0,"w":1},"renderOrder":0,"rotation":{"x":0,"y":0,"z":0,"order":"XYZ"},"scale":{"x":1,"y":1,"z":1},"type":"DirectionalLight","up":{"x":0,"y":1,"z":0},"userData":{},"uuid":"8FCCD7FC-15FF-490B-8BF3-F93156C28C11","visible":true,"isObject3D":true,"color":16777215,"intensity":0.56,"isLight":true,"shadow":{"metadata":{"generator":"DirectionalLightShadowSerializer","type":"Object","version":"0.0.1"},"bias":0,"camera":{"metadata":{"generator":"OrthographicCameraSerializer","type":"Object","version":"0.0.1"},"castShadow":false,"children":[],"frustumCulled":true,"layers":{"mask":1},"matrix":{"elements":[0.83205029433784372,2.7755575615628914E-17,-0.554700196225229,0,-0.41202096209968375,0.66953406341198618,-0.61803144314952574,0,0.37139067635410372,0.74278135270820744,0.55708601453115558,0,5,10,7.5,1]},"matrixAutoUpdate":true,"matrixWorld":{"elements":[0.83205029433784372,2.7755575615628914E-17,-0.554700196225229,0,-0.41202096209968375,0.66953406341198618,-0.61803144314952574,0,0.37139067635410372,0.74278135270820744,0.55708601453115558,0,5,10,7.5,1]},"matrixWorldNeedsUpdate":false,"modelViewMatrix":{"elements":[1,0,0,0,0,1,0,0,0,0,1,0,0,0,0,1]},"name":"","normalMatrix":{"elements":[1,0,0,0,1,0,0,0,1]},"parent":null,"position":{"x":5,"y":10,"z":7.5},"quaternion":{"x":-0.38904698186552672,"y":0.26476298577359092,"z":0.1177939480420426,"w":0.87445273918619892},"receiveShadow":false,"renderOrder":0,"rotation":{"x":-0.92729521800161219,"y":0.3805063771123649,"z":0.45979025757734426,"order":"XYZ"},"scale":{"x":1,"y":1,"z":1},"type":"OrthographicCamera","up":{"x":0,"y":1,"z":0},"userData":{},"uuid":"8A87ADC3-43B3-41F2-928B-C2D522DA0A13","visible":true,"isObject3D":true,"matrixWorldInverse":{"elements":[0.83205029433784372,-0.41202096209968375,0.37139067635410367,0,-5.5511151231257827E-17,0.66953406341198618,0.74278135270820744,0,-0.55470019622522915,-0.61803144314952574,0.55708601453115558,0,0,0,-13.46291201783626,1]},"projectionMatrix":{"elements":[0.01,0,0,0,0,0.01,0,0,0,0,-0.004004004004004004,0,0,0,-1.002002002002002,1]},"bottom":-100,"far":500,"left":-100,"near":0.5,"right":100,"top":100,"view":null,"zoom":1},"map":{"metadata":{"generator":"WebGLRenderTargetSerializer","type":"Object","version":"0.0.1"},"depthBuffer":true,"depthTexture":null,"height":2048,"scissor":{"x":0,"y":0,"z":2048,"w":2048},"scissorTest":false,"stencilBuffer":true,"texture":{"metadata":{"generator":"TextureSerializer","type":"Object","version":"0.0.1"},"anisotropy":1,"center":{"x":0,"y":0},"encoding":3000,"flipY":true,"format":1023,"generateMipmaps":false,"image":null,"magFilter":1003,"mapping":300,"matrix":{"elements":[1,0,0,0,1,0,0,0,1]},"matrixAutoUpdate":true,"minFilter":1003,"mipmaps":[],"name":"平行光.shadowMap","offset":{"x":0,"y":0},"premultiplyAlpha":false,"repeat":{"x":1,"y":1},"rotation":0,"type":1009,"unpackAlignment":4,"uuid":"ABA901C2-68DA-42B8-AF2B-A1AD9902C458","version":0,"wrapS":1001,"wrapT":1001,"isTexture":true},"viewport":{"x":0,"y":0,"z":2048,"w":2048},"width":2048,"isWebGLRenderTarget":true},"mapSize":{"x":2048,"y":2048},"matrix":{"elements":[0.0041602514716892183,-0.0020601048104984189,-0.00074352487758579317,0,-2.7755575615628914E-19,0.0033476703170599309,-0.0014870497551715866,0,-0.002773500981126146,-0.0030901572157476286,-0.00111528731637869,0,0.5,0.5,0.025951775811484026,1]},"radius":1},"isDirectionalLight":true},{"_id":"5d7b89c2c8b49a0cf88617f0","metadata":{"generator":"WaterSerializer","type":"Object","version":"0.0.1"},"castShadow":false,"children":[],"frustumCulled":true,"layers":{"mask":1},"matrix":{"elements":[1,0,0,0,0,2.2204460492503131E-16,-1,0,0,1,2.2204460492503131E-16,0,0,0,0,1]},"matrixAutoUpdate":false,"matrixWorld":{"elements":[1,0,0,0,0,2.2204460492503131E-16,-1,0,0,1,2.2204460492503131E-16,0,0,0,0,1]},"matrixWorldNeedsUpdate":false,"modelViewMatrix":{"elements":[0.97998739730063267,-0.051142962563760747,0.19237748961906584,0,0.1990595416751782,0.25178124269414637,-0.94709107518520064,0,-2.5667338643793775E-18,0.96643189268959517,0.25692293940480837,0,1.7763568394002505E-15,2.1316282072803006E-14,-172.7402088378077,1]},"name":"水","normalMatrix":{"elements":[0.97998739730063267,-0.051142962563760733,0.19237748961906581,0.19905954167517823,0.25178124269414631,-0.94709107518520075,-6.9388939039072284E-18,0.96643189268959517,0.25692293940480848]},"parent":"F8838FF4-94A4-439E-A46C-6B78CE985081","position":{"x":0,"y":0,"z":0},"quaternion":{"x":-0.70710678118654746,"y":0,"z":0,"w":0.70710678118654757},"receiveShadow":false,"renderOrder":0,"rotation":{"x":-1.5707963267948966,"y":0,"z":0,"order":"XYZ"},"scale":{"x":1,"y":1,"z":1},"type":"Mesh","up":{"x":0,"y":1,"z":0},"userData":{"type":"Water"},"uuid":"C73513A8-9D05-466F-AF27-683F9977379D","visible":true,"isObject3D":true},{"_id":"5d7b89c2c8b49a0cf88617f1","metadata":{"generator":"ParticleEmitterSerializer","type":"Object","version":"0.0.1"},"castShadow":false,"children":[],"frustumCulled":true,"layers":{"mask":1},"matrix":{"elements":[1,0,0,0,0,1,0,0,0,0,1,0,0,30,0,1]},"matrixAutoUpdate":true,"matrixWorld":{"elements":[1,0,0,0,0,1,0,0,0,0,1,0,0,30,0,1]},"matrixWorldNeedsUpdate":false,"modelViewMatrix":{"elements":[1,0,0,0,0,1,0,0,0,0,1,0,0,0,0,1]},"name":"粒子发射器","normalMatrix":{"elements":[1,0,0,0,1,0,0,0,1]},"parent":"F8838FF4-94A4-439E-A46C-6B78CE985081","position":{"x":0,"y":30,"z":0},"quaternion":{"x":0,"y":0,"z":0,"w":1},"receiveShadow":false,"renderOrder":0,"rotation":{"x":0,"y":0,"z":0,"order":"XYZ"},"scale":{"x":1,"y":1,"z":1},"type":"Object3D","up":{"x":0,"y":1,"z":0},"userData":{"type":"ParticleEmitter","group":{"texture":{"metadata":{"generator":"TextureSerializer","type":"Object","version":"0.0.1"},"anisotropy":1,"center":{"x":0,"y":0},"encoding":3000,"flipY":true,"format":1023,"generateMipmaps":true,"image":{"tagName":"img","src":"/assets/textures/SPE/smokeparticle.png","width":128,"height":128},"magFilter":1006,"mapping":300,"matrix":{"elements":[1,0,0,0,1,0,0,0,1]},"matrixAutoUpdate":true,"minFilter":1008,"mipmaps":[],"name":"","offset":{"x":0,"y":0},"premultiplyAlpha":false,"repeat":{"x":1,"y":1},"rotation":0,"type":1009,"unpackAlignment":4,"uuid":"42D63656-8DC1-45CF-964C-F0B2D16E5515","version":9,"wrapS":1001,"wrapT":1001,"isTexture":true},"maxParticleCount":2000},"emitter":{"position":{"value":{"x":0,"y":0,"z":0},"spread":{"x":0,"y":0,"z":0}},"velocity":{"value":{"x":0,"y":30,"z":0},"spread":{"x":10,"y":7.5,"z":10}},"acceleration":{"value":{"x":0,"y":-10,"z":0},"spread":{"x":10,"y":0,"z":10}},"color":{"value":[8388863,65280,255,8388863]},"size":{"value":[3,3,3,3],"spread":[0,0,0,0]},"particleCount":2000,"maxAge":{"value":3,"spread":0}}},"uuid":"EB0DFAB9-818C-4ED4-8986-1329469D495E","visible":true,"isObject3D":true},{"_id":"5d7b89c2c8b49a0cf88617f2","metadata":{"generator":"SkySerializer","type":"Object","version":"0.0.1"},"castShadow":false,"children":["499252F0-E653-45AF-8D66-0819F24219CF","FBEEEA64-DFAA-4D81-A9E0-1B917E9385AF"],"frustumCulled":true,"layers":{"mask":1},"matrix":{"elements":[1,0,0,0,0,1,0,0,0,0,1,0,0,0,0,1]},"matrixAutoUpdate":true,"matrixWorld":{"elements":[1,0,0,0,0,1,0,0,0,0,1,0,0,0,0,1]},"matrixWorldNeedsUpdate":false,"modelViewMatrix":{"elements":[1,0,0,0,0,1,0,0,0,0,1,0,0,0,0,1]},"name":"天空","normalMatrix":{"elements":[1,0,0,0,1,0,0,0,1]},"parent":"F8838FF4-94A4-439E-A46C-6B78CE985081","position":{"x":0,"y":0,"z":0},"quaternion":{"x":0,"y":0,"z":0,"w":1},"receiveShadow":false,"renderOrder":0,"rotation":{"x":0,"y":0,"z":0,"order":"XYZ"},"scale":{"x":1,"y":1,"z":1},"type":"Object3D","up":{"x":0,"y":1,"z":0},"userData":{"type":"Sky","turbidity":10,"rayleigh":2,"luminance":1,"mieCoefficient":0.005,"mieDirectionalG":0.8},"uuid":"101402AA-5BDD-437D-B3F0-3BEDB0C76F48","visible":true,"isObject3D":true}]}