{"Code":200,"Msg":"Get Successfully!","Data":[{"_id":"5d7afd18c8b49a1a38e73256","metadata":{"generator":"OptionsSerializer","type":"Object","version":"0.0.1"},"server":"http://localhost:2000","sceneType":"Empty","shadowMapType":2,"gammaInput":false,"gammaOutput":false,"gammaFactor":2,"hueRotate":0,"saturate":1,"brightness":1,"blur":0,"contrast":1,"grayscale":0,"invert":0,"sepia":0,"selected":"061FF35F-4E81-4785-B4DD-2A46F1FAB74F"},{"_id":"5d7afd18c8b49a1a38e73257","metadata":{"generator":"PerspectiveCameraSerializer","type":"Object","version":"0.0.1"},"castShadow":false,"children":["2A6D910F-33FF-488B-82E6-5EC5A900F81A"],"frustumCulled":true,"layers":{"mask":1},"matrix":{"elements":[0.99953801140761489,2.6020852139652106E-18,-0.030393482053076411,0,-0.012092952295199046,0.917437557384798,-0.39769597534373097,0,0.027884121935193115,0.39787979126843759,0.91701371169906065,0,4.1547071097676591,22.457381027814115,50.117761675515055,1]},"matrixAutoUpdate":true,"matrixWorld":{"elements":[0.99953801140761489,2.6020852139652106E-18,-0.030393482053076411,0,-0.012092952295199046,0.917437557384798,-0.39769597534373097,0,0.027884121935193115,0.39787979126843759,0.91701371169906065,0,4.1547071097676591,22.457381027814115,50.117761675515055,1]},"matrixWorldNeedsUpdate":false,"modelViewMatrix":{"elements":[1,0,0,0,0,1,0,0,0,0,1,0,0,0,0,1]},"name":"DefaultCamera","normalMatrix":{"elements":[1,0,0,0,1,0,0,0,1]},"parent":null,"position":{"x":4.1547071097676591,"y":22.457381027814115,"z":50.117761675515055},"quaternion":{"x":-0.20315433931112345,"y":0.014881484117205012,"z":0.0030879971926667787,"w":0.97902876368514746},"receiveShadow":false,"renderOrder":0,"rotation":{"x":-0.40937337848226735,"y":0.027887736630260979,"z":0.012097951428432532,"order":"XYZ"},"scale":{"x":1,"y":1,"z":1},"type":"PerspectiveCamera","up":{"x":0,"y":1,"z":0},"userData":{"isDefault":true,"control":"OrbitControls","orbitOptions":{"minDistance":0,"maxDistance":99999,"minPolarAngle":0,"maxPolarAngle":3.1415926535897931,"minAzimuthAngle":-9999,"maxAzimuthAngle":9999,"enableDamping":false,"dampingFactor":0.25,"enableZoom":true,"zoomSpeed":1,"enableRotate":true,"rotateSpeed":1,"enablePan":true,"panSpeed":1,"screenSpacePanning":false,"keyPanSpeed":7,"autoRotate":false,"autoRotateSpeed":2,"enableKeys":true}},"uuid":"1E6A390D-E5E3-43BC-9837-D35DE6BC3692","visible":true,"isObject3D":true,"matrixWorldInverse":{"elements":[0.99953801140761511,-0.012092952295199052,0.027884121935193126,0,3.469446951953615E-18,0.91743755738479826,0.39787979126843764,0,-0.030393482053076414,-0.39769597534373113,0.91701371169906087,0,-2.6295343924531189,-0.62137000894992067,-55.009863091549235,1.0000000000000002]},"projectionMatrix":{"elements":[1.1615432125569514,0,0,0,0,2.1445069205095586,0,0,0,0,-1.0000200002000021,-1,0,0,-0.20000200002000021,0]},"aspect":1.8462566844919786,"far":10000,"filmGauge":35,"filmOffset":0,"focus":10,"fov":50,"near":0.1,"view":null,"zoom":1},{"_id":"5d7afd18c8b49a1a38e73258","metadata":{"generator":"WebGLRendererSerializer","type":"Object","version":"0.0.1"},"antialias":true,"autoClear":false,"autoClearColor":true,"autoClearDepth":true,"autoClearStencil":true,"autoUpdateScene":false,"clippingPlanes":[],"gammaFactor":2,"gammaInput":false,"gammaOutput":false,"localClippingEnabled":false,"physicallyCorrectLights":false,"shadowMap":{"metadata":{"generator":"WebGLShadowMapSerializer","type":"Object","version":"0.0.1"},"autoUpdate":true,"enabled":true,"needsUpdate":false,"type":2},"sortObjects":true,"toneMapping":1,"toneMappingExposure":1,"toneMappingWhitePoint":1},{"_id":"5d7afb72c8b49a1a38e73222","metadata":{"generator":"AnimationSerializer","type":"Object","version":"0.0.1"},"id":null,"uuid":"32B0CD49-2E1E-4DF3-A971-874F2D70FEAB","layer":0,"layerName":"AnimLayer1","animations":[]},{"_id":"5d7afb72c8b49a1a38e73223","metadata":{"generator":"AnimationSerializer","type":"Object","version":"0.0.1"},"id":null,"uuid":"474A2EC0-4291-4ACA-9335-76C34F10322E","layer":1,"layerName":"AnimLayer2","animations":[]},{"_id":"5d7afb72c8b49a1a38e73224","metadata":{"generator":"AnimationSerializer","type":"Object","version":"0.0.1"},"id":null,"uuid":"B2D75B34-B175-4CC2-B17A-D2CF818D52CC","layer":2,"layerName":"AnimLayer3","animations":[]},{"_id":"5d7afd18c8b49a1a38e73259","metadata":{"generator":"AudioListenerSerializer","type":"Object","version":"0.0.1"},"castShadow":false,"children":[],"frustumCulled":true,"layers":{"mask":1},"matrix":{"elements":[1,0,0,0,0,1,0,0,0,0,1,0,0,0,0,1]},"matrixAutoUpdate":true,"matrixWorld":{"elements":[0.99953801140761489,2.6020852139652106E-18,-0.030393482053076411,0,-0.012092952295199046,0.917437557384798,-0.39769597534373097,0,0.027884121935193115,0.39787979126843759,0.91701371169906065,0,4.1547071097676591,22.457381027814115,50.117761675515055,1]},"matrixWorldNeedsUpdate":false,"modelViewMatrix":{"elements":[1,0,0,0,0,1,0,0,0,0,1,0,0,0,0,1]},"name":"AudioListener","normalMatrix":{"elements":[1,0,0,0,1,0,0,0,1]},"parent":"1E6A390D-E5E3-43BC-9837-D35DE6BC3692","position":{"x":0,"y":0,"z":0},"quaternion":{"x":0,"y":0,"z":0,"w":1},"receiveShadow":false,"renderOrder":0,"rotation":{"x":0,"y":0,"z":0,"order":"XYZ"},"scale":{"x":1,"y":1,"z":1},"type":"AudioListener","up":{"x":0,"y":1,"z":0},"userData":{},"uuid":"2A6D910F-33FF-488B-82E6-5EC5A900F81A","visible":true,"isObject3D":true,"masterVolume":1},{"_id":"5d7afd18c8b49a1a38e7325a","metadata":{"generator":"VisualSerializer","type":"Object","version":"0.0.1"},"data":[]},{"_id":"5d7afd18c8b49a1a38e7325b","metadata":{"generator":"SceneSerializer","type":"Object","version":"0.0.1"},"castShadow":false,"children":["9BC06E4E-5423-4228-B43F-66BC59E019B9","4467F3A7-E0F8-456E-8589-B72B4A8BDEE0","6C164252-7723-48E1-9005-BE5B82DBB67B"],"frustumCulled":true,"layers":{"mask":1},"matrix":{"elements":[1,0,0,0,0,1,0,0,0,0,1,0,0,0,0,1]},"matrixAutoUpdate":true,"matrixWorld":{"elements":[1,0,0,0,0,1,0,0,0,0,1,0,0,0,0,1]},"matrixWorldNeedsUpdate":false,"modelViewMatrix":{"elements":[1,0,0,0,0,1,0,0,0,0,1,0,0,0,0,1]},"name":"Scene","normalMatrix":{"elements":[1,0,0,0,1,0,0,0,1]},"parent":null,"position":{"x":0,"y":0,"z":0},"quaternion":{"x":0,"y":0,"z":0,"w":1},"receiveShadow":false,"renderOrder":0,"rotation":{"x":0,"y":0,"z":0,"order":"XYZ"},"scale":{"x":1,"y":1,"z":1},"type":"Scene","up":{"x":0,"y":1,"z":0},"userData":{"children":[{"uuid":"9BC06E4E-5423-4228-B43F-66BC59E019B9","children":[]},{"uuid":"4467F3A7-E0F8-456E-8589-B72B4A8BDEE0","children":[]},{"uuid":"6C164252-7723-48E1-9005-BE5B82DBB67B","children":[{"uuid":"061FF35F-4E81-4785-B4DD-2A46F1FAB74F","children":[]}]}]},"uuid":"4FEA208B-37D7-4316-B1CC-54C483CDA513","visible":true,"isObject3D":true,"background":11184810,"fog":null,"overrideMaterial":null},{"_id":"5d7afd18c8b49a1a38e7325c","metadata":{"generator":"AmbientLightSerializer","type":"Object","version":"0.0.1"},"children":[],"frustumCulled":true,"layers":{"mask":1},"matrix":{"elements":[1,0,0,0,0,1,0,0,0,0,1,0,0,0,0,1]},"matrixAutoUpdate":true,"matrixWorld":{"elements":[1,0,0,0,0,1,0,0,0,0,1,0,0,0,0,1]},"matrixWorldNeedsUpdate":false,"modelViewMatrix":{"elements":[1,0,0,0,0,1,0,0,0,0,1,0,0,0,0,1]},"name":"Ambient","normalMatrix":{"elements":[1,0,0,0,1,0,0,0,1]},"parent":"4FEA208B-37D7-4316-B1CC-54C483CDA513","position":{"x":0,"y":0,"z":0},"quaternion":{"x":0,"y":0,"z":0,"w":1},"renderOrder":0,"rotation":{"x":0,"y":0,"z":0,"order":"XYZ"},"scale":{"x":1,"y":1,"z":1},"type":"AmbientLight","up":{"x":0,"y":1,"z":0},"userData":{},"uuid":"9BC06E4E-5423-4228-B43F-66BC59E019B9","visible":true,"isObject3D":true,"color":16777215,"intensity":0.84,"isLight":true,"shadow":null,"isAmbientLight":true},{"_id":"5d7afd18c8b49a1a38e7325d","metadata":{"generator":"DirectionalLightSerializer","type":"Object","version":"0.0.1"},"castShadow":true,"children":[],"frustumCulled":true,"layers":{"mask":1},"matrix":{"elements":[1,0,0,0,0,1,0,0,0,0,1,0,-3.6490195118781372,10,22.465856647325424,1]},"matrixAutoUpdate":true,"matrixWorld":{"elements":[1,0,0,0,0,1,0,0,0,0,1,0,-3.6490195118781372,10,22.465856647325424,1]},"matrixWorldNeedsUpdate":false,"modelViewMatrix":{"elements":[1,0,0,0,0,1,0,0,0,0,1,0,0,0,0,1]},"name":"Directional","normalMatrix":{"elements":[1,0,0,0,1,0,0,0,1]},"parent":"4FEA208B-37D7-4316-B1CC-54C483CDA513","position":{"x":-3.6490195118781372,"y":10,"z":22.465856647325424},"quaternion":{"x":0,"y":0,"z":0,"w":1},"renderOrder":0,"rotation":{"x":0,"y":0,"z":0,"order":"XYZ"},"scale":{"x":1,"y":1,"z":1},"type":"DirectionalLight","up":{"x":0,"y":1,"z":0},"userData":{},"uuid":"4467F3A7-E0F8-456E-8589-B72B4A8BDEE0","visible":true,"isObject3D":true,"color":16777215,"intensity":0.36,"isLight":true,"shadow":{"metadata":{"generator":"DirectionalLightShadowSerializer","type":"Object","version":"0.0.1"},"bias":0,"camera":{"metadata":{"generator":"OrthographicCameraSerializer","type":"Object","version":"0.0.1"},"castShadow":false,"children":[],"frustumCulled":true,"layers":{"mask":1},"matrix":{"elements":[0.98706443325387794,6.9388939039072284E-18,0.16032406121727547,0,0.064490227156373592,0.91553021365345522,-0.397045889651282,0,-0.14678152202004183,0.40224921117095885,0.90368731146664949,0,-3.6490195118781372,10,22.465856647325424,1]},"matrixAutoUpdate":true,"matrixWorld":{"elements":[0.98706443325387794,6.9388939039072284E-18,0.16032406121727547,0,0.064490227156373592,0.91553021365345522,-0.397045889651282,0,-0.14678152202004183,0.40224921117095885,0.90368731146664949,0,-3.6490195118781372,10,22.465856647325424,1]},"matrixWorldNeedsUpdate":false,"modelViewMatrix":{"elements":[1,0,0,0,0,1,0,0,0,0,1,0,0,0,0,1]},"name":"","normalMatrix":{"elements":[1,0,0,0,1,0,0,0,1]},"parent":null,"position":{"x":-3.6490195118781372,"y":10,"z":22.465856647325424},"quaternion":{"x":-0.20484561755976941,"y":-0.078705890714938984,"z":-0.01652773849711749,"w":0.975484745956335},"receiveShadow":false,"renderOrder":0,"rotation":{"x":-0.41878823340738414,"y":-0.14731376195760812,"z":-0.0652426487141492,"order":"XYZ"},"scale":{"x":1,"y":1,"z":1},"type":"OrthographicCamera","up":{"x":0,"y":1,"z":0},"userData":{},"uuid":"515B77C4-3666-4D07-BE10-D2AC64F23975","visible":true,"isObject3D":true,"matrixWorldInverse":{"elements":[0.98706443325387794,0.064490227156373578,-0.14678152202004183,0,-1.3877787807814457E-17,0.9155302136534551,0.40224921117095891,0,0.16032406121727544,-0.39704588965128196,0.9036873114666496,0,-1.1102230246251565E-16,0,-24.860210342960563,0.99999999999999989]},"projectionMatrix":{"elements":[0.05,0,0,0,0,0.05,0,0,0,0,-0.0040008001600320064,0,0,0,-1.0004000800160033,1]},"bottom":-20,"far":500,"left":-20,"near":0.1,"right":20,"top":20,"view":null,"zoom":1},"map":{"metadata":{"generator":"WebGLRenderTargetSerializer","type":"Object","version":"0.0.1"},"depthBuffer":true,"depthTexture":null,"height":2048,"scissor":{"x":0,"y":0,"z":2048,"w":2048},"scissorTest":false,"stencilBuffer":true,"texture":{"metadata":{"generator":"TextureSerializer","type":"Object","version":"0.0.1"},"anisotropy":1,"center":{"x":0,"y":0},"encoding":3000,"flipY":true,"format":1023,"generateMipmaps":false,"image":null,"magFilter":1003,"mapping":300,"matrix":{"elements":[1,0,0,0,1,0,0,0,1]},"matrixAutoUpdate":true,"minFilter":1003,"mipmaps":[],"name":"Directional.shadowMap","offset":{"x":0,"y":0},"premultiplyAlpha":false,"repeat":{"x":1,"y":1},"rotation":0,"type":1009,"unpackAlignment":4,"uuid":"39915382-382C-4BFD-B34B-1DA54F12937F","version":0,"wrapS":1001,"wrapT":1001,"isTexture":true},"viewport":{"x":0,"y":0,"z":2048,"w":2048},"width":2048,"isWebGLRenderTarget":true},"mapSize":{"x":2048,"y":2048},"matrix":{"elements":[0.024676610831346951,0.0016122556789093395,0.0002936217683937624,0,-3.4694469519536144E-19,0.022888255341336379,-0.00080465935421276035,0,0.0040081015304318859,-0.00992614724128205,-0.0018077361701673326,0,0.49999999999999994,0.49999999999999994,0.049530326751271316,0.99999999999999989]},"radius":0},"isDirectionalLight":true},{"_id":"5d7afd18c8b49a1a38e7325e","metadata":{"generator":"ServerObject","type":"Object","version":"0.0.1"},"castShadow":false,"children":["061FF35F-4E81-4785-B4DD-2A46F1FAB74F"],"frustumCulled":true,"layers":{"mask":1},"matrix":{"elements":[3.8718617834126787,-2.6106418945861929,-8.8426938897815415,0,-6.9850235590868515,5.4295824719326236,-4.66144613392493,0,6.0181502315204831,7.9814900287298141,0.27871977349395838,0,0,0,0,1]},"matrixAutoUpdate":true,"matrixWorld":{"elements":[3.8718617834126787,-2.6106418945861929,-8.8426938897815415,0,-6.9850235590868515,5.4295824719326236,-4.66144613392493,0,6.0181502315204831,7.9814900287298141,0.27871977349395838,0,0,0,0,1]},"matrixWorldNeedsUpdate":false,"modelViewMatrix":{"elements":[1,0,0,0,0,1,0,0,0,0,1,0,0,0,0,1]},"name":"portalgun","normalMatrix":{"elements":[1,0,0,0,1,0,0,0,1]},"parent":"4FEA208B-37D7-4316-B1CC-54C483CDA513","position":{"x":0,"y":0,"z":0},"quaternion":{"x":-0.45176209275419782,"y":0.53101320405019092,"z":0.15630703104376459,"w":0.6996456965643264},"receiveShadow":false,"renderOrder":0,"rotation":{"x":-1.53588974175501,"y":0.64577182323790194,"z":1.064650843716541,"order":"XYZ"},"scale":{"x":10,"y":10,"z":10},"type":"Group","up":{"x":0,"y":1,"z":0},"userData":{"_children":[{"uuid":"061FF35F-4E81-4785-B4DD-2A46F1FAB74F","children":[]}],"physics":{"enabled":false,"type":"rigidBody","shape":"btBoxShape","mass":1,"inertia":{"x":0,"y":0,"z":0}},"ID":"5d7afaeec8b49a1a38e7321a","Name":"portalgun","TotalPinYin":"portalgun","FirstPinYin":"portalgun","Type":"_3ds","Url":"/Upload/Model/20190913101158/portalgun.3ds","AddTime":"0001-01-01 00:00:00","id":"5d7afaeec8b49a1a38e7321a","title":"portalgun","icon":"model","cornerText":"_3ds","Server":true,"children":[{"uuid":"061FF35F-4E81-4785-B4DD-2A46F1FAB74F","children":[]}]},"uuid":"6C164252-7723-48E1-9005-BE5B82DBB67B","visible":true,"isObject3D":true},{"_id":"5d7afd18c8b49a1a38e7325f","metadata":{"generator":"MeshSerializer","type":"Object","version":"0.0.1"},"castShadow":false,"children":[],"frustumCulled":true,"layers":{"mask":1},"matrix":{"elements":[1,0,0,0,0,1,0,0,0,0,1,0,0,0,0,1]},"matrixAutoUpdate":true,"matrixWorld":{"elements":[3.8718617834126787,-2.6106418945861929,-8.8426938897815415,0,-6.9850235590868515,5.4295824719326236,-4.66144613392493,0,6.0181502315204831,7.9814900287298141,0.27871977349395838,0,0,0,0,1]},"matrixWorldNeedsUpdate":false,"modelViewMatrix":{"elements":[4.1388332854773751,1.0747806083467291,-9.039629731296877,0,-6.8401189784721836,6.9196108040935993,-2.309060129190192,0,6.0068986503327366,7.1388957804266218,3.5990742755377791,0,-2.6295343924531189,-0.62137000894992067,-55.009863091549235,1.0000000000000002]},"name":"PortalGun","normalMatrix":{"elements":[0.041388332854773745,0.010747806083467284,-0.090396297312968721,-0.06840118978472183,0.069196108040935983,-0.023090601291901904,0.060068986503327343,0.071388957804266184,0.035990742755377773]},"parent":"6C164252-7723-48E1-9005-BE5B82DBB67B","position":{"x":0,"y":0,"z":0},"quaternion":{"x":0,"y":0,"z":0,"w":1},"receiveShadow":false,"renderOrder":0,"rotation":{"x":0,"y":0,"z":0,"order":"XYZ"},"scale":{"x":1,"y":1,"z":1},"type":"Mesh","up":{"x":0,"y":1,"z":0},"userData":{},"uuid":"061FF35F-4E81-4785-B4DD-2A46F1FAB74F","visible":true,"isObject3D":true,"drawMode":0,"geometry":{"metadata":{"generator":"BufferGeometrySerializer","type":"Object","version":"0.0.1"},"boundingBox":null,"boundingSphere":{"center":{"x":0.0084678828716278076,"y":-0.16637763381004333,"z":0.11372087895870209},"radius":1.3435875455013446},"drawRange":{"start":0,"count":null},"groups":[],"morphAttributes":{},"name":"","type":"BufferGeometry","userData":{},"uuid":"9F5D557A-C683-4C41-8671-F9B897ED8435"},"material":{"metadata":{"generator":"MeshPhongMaterialSerializer","type":"Object","version":"0.0.1"},"alphaMap":null,"alphaTest":0,"aoMap":null,"aoMapIntensity":1,"blendDst":205,"blendDstAlpha":null,"blendEquation":100,"blendEquationAlpha":null,"blendSrc":204,"blendSrcAlpha":null,"blending":1,"bumpMap":null,"bumpScale":1,"clipIntersection":false,"clippingPlanes":null,"color":8355711,"colorWrite":true,"depthFunc":3,"depthTest":true,"depthWrite":true,"displacementBias":0,"displacementMap":null,"displacementScale":1,"dithering":false,"emissive":0,"emissiveIntensity":1,"emissiveMap":null,"envMap":null,"flatShading":false,"fog":true,"lightMap":null,"lightMapIntensity":1,"lights":true,"map":{"metadata":{"generator":"TextureSerializer","type":"Object","version":"0.0.1"},"anisotropy":1,"center":{"x":0,"y":0},"encoding":3000,"flipY":true,"format":1022,"generateMipmaps":true,"image":{"tagName":"img","src":"/Upload/Model/20190913101158/color.jpg","width":512,"height":512},"magFilter":1006,"mapping":300,"matrix":{"elements":[1,0,0,0,1,0,0,0,1]},"matrixAutoUpdate":true,"minFilter":1008,"mipmaps":[],"name":"","offset":{"x":0,"y":0},"premultiplyAlpha":false,"repeat":{"x":1,"y":1},"rotation":0,"type":1009,"unpackAlignment":4,"uuid":"DFFAA953-1791-4901-A673-1681719E1AB8","version":5,"wrapS":1001,"wrapT":1001,"isTexture":true},"metalnessMap":null,"morphNormals":false,"morphTargets":false,"name":"PortalGun","normalMap":{"metadata":{"generator":"TextureSerializer","type":"Object","version":"0.0.1"},"anisotropy":1,"center":{"x":0,"y":0},"encoding":3000,"flipY":true,"format":1022,"generateMipmaps":true,"image":{"tagName":"img","src":"/Upload/Texture/20190913101310/normal.jpg","width":512,"height":512},"magFilter":1006,"mapping":300,"matrix":{"elements":[1,0,0,0,1,0,0,0,1]},"matrixAutoUpdate":true,"minFilter":1008,"mipmaps":[],"name":"","offset":{"x":0,"y":0},"premultiplyAlpha":false,"repeat":{"x":1,"y":1},"rotation":0,"type":1009,"unpackAlignment":4,"uuid":"C35DC086-635C-4ED7-81E5-4D91F72946BA","version":6,"wrapS":1001,"wrapT":1001,"isTexture":true},"normalScale":{"x":1,"y":1},"opacity":1,"polygonOffset":false,"polygonOffsetFactor":0,"polygonOffsetUnits":0,"precision":null,"premultipliedAlpha":false,"refractionRatio":0.98,"roughnessMap":null,"shadowSide":null,"side":0,"skinning":false,"transparent":false,"type":"MeshPhongMaterial","userData":{},"uuid":"5F0EBA0F-52F8-4B5D-AEF3-83E5C25686D9","vertexColors":0,"visible":true,"wireframe":false,"wireframeLinecap":"round","wireframeLinejoin":"round","wireframeLinewidth":1,"specular":16777215,"shininess":48}}]}