{"Code":200,"Msg":"Get Successfully!","Data":[{"_id":"5d7b91f5c8b49a0cf8861961","metadata":{"generator":"OptionsSerializer","type":"Object","version":"0.0.1"},"server":"http://localhost:2000","sceneType":"Empty","shadowMapType":2,"gammaInput":false,"gammaOutput":false,"gammaFactor":2,"hueRotate":0,"saturate":1,"brightness":1,"blur":0,"contrast":1,"grayscale":0,"invert":0,"sepia":0,"theme":"assets/css/light.css","showGrid":true,"showCameraHelper":true,"showPointLightHelper":false,"showDirectionalLightHelper":true,"showSpotLightHelper":true,"showHemisphereLightHelper":true,"showRectAreaLightHelper":true,"showSkeletonHelper":false,"selected":"71E248AC-8D52-4866-935D-E46397A8484E"},{"_id":"5d7b91f5c8b49a0cf8861962","metadata":{"generator":"PerspectiveCameraSerializer","type":"Object","version":"0.0.1"},"castShadow":false,"children":["45744924-80BA-4348-9CB6-3562D45E5540"],"frustumCulled":true,"layers":{"mask":1},"matrix":{"elements":[0.65591801521065218,-4.163336342344337E-17,-0.75483213850638264,0,-0.21934199182904807,0.95684954651690612,-0.19059914992165358,0,0.72226078942621863,0.29058380087401842,0.62761485540658168,0,17.442436314836975,7.0175337150655261,15.15675820415446,1]},"matrixAutoUpdate":true,"matrixWorld":{"elements":[0.65591801521065218,-4.163336342344337E-17,-0.75483213850638264,0,-0.21934199182904807,0.95684954651690612,-0.19059914992165358,0,0.72226078942621863,0.29058380087401842,0.62761485540658168,0,17.442436314836975,7.0175337150655261,15.15675820415446,1]},"matrixWorldNeedsUpdate":false,"modelViewMatrix":{"elements":[1,0,0,0,0,1,0,0,0,0,1,0,0,0,0,1]},"name":"默认相机","normalMatrix":{"elements":[1,0,0,0,1,0,0,0,1]},"parent":null,"position":{"x":17.442436314836975,"y":7.0175337150655261,"z":15.15675820415446},"quaternion":{"x":-0.133654043417291,"y":0.41027937917340918,"z":0.060924735697053631,"w":0.9000531119236993},"receiveShadow":false,"renderOrder":0,"rotation":{"x":-0.43360952039158962,"y":0.80706559228316321,"z":0.322714371068458,"order":"XYZ"},"scale":{"x":1,"y":1,"z":1},"type":"PerspectiveCamera","up":{"x":0,"y":1,"z":0},"userData":{"isDefault":true,"control":"OrbitControls"},"uuid":"5FB4E062-D820-42BD-8783-E71CF17E64D8","visible":true,"isObject3D":true,"matrixWorldInverse":{"elements":[0.65591801521065207,-0.21934199182904809,0.72226078942621863,0,-8.3266726846886716E-17,0.956849546516906,0.29058380087401836,0,-0.75483213850638242,-0.1905991499216535,0.62761485540658157,0,8.88178419700125E-16,4.4408920985006254E-15,-24.149776050688924,1]},"projectionMatrix":{"elements":[1.1615432125569514,0,0,0,0,2.1445069205095586,0,0,0,0,-1.0000200002000021,-1,0,0,-0.20000200002000021,0]},"aspect":1.8462566844919786,"far":10000,"filmGauge":35,"filmOffset":0,"focus":10,"fov":50,"near":0.1,"view":null,"zoom":1},{"_id":"5d7b91f5c8b49a0cf8861963","metadata":{"generator":"WebGLRendererSerializer","type":"Object","version":"0.0.1"},"antialias":true,"autoClear":false,"autoClearColor":true,"autoClearDepth":true,"autoClearStencil":true,"autoUpdateScene":false,"clippingPlanes":[],"gammaFactor":2,"gammaInput":false,"gammaOutput":false,"localClippingEnabled":false,"physicallyCorrectLights":false,"shadowMap":{"metadata":{"generator":"WebGLShadowMapSerializer","type":"Object","version":"0.0.1"},"autoUpdate":true,"enabled":true,"needsUpdate":false,"type":2},"sortObjects":true,"toneMapping":1,"toneMappingExposure":1,"toneMappingWhitePoint":1},{"_id":"5d7b91f5c8b49a0cf8861964","metadata":{"generator":"ScriptSerializer","type":"Object","version":"0.0.1"},"id":0,"name":"添加物体","type":"javascript","source":"var geometries = [\n\tnew THREE.BoxBufferGeometry(1, 1, 1),\n\tnew THREE.CircleBufferGeometry(1, 32),\n\tnew THREE.CylinderBufferGeometry(1, 1, 2, 32, 1, false),\n\tnew THREE.IcosahedronBufferGeometry(1, 2),\n\tnew THREE.SphereBufferGeometry(1, 32, 16, 0, Math.PI * 2, 0, Math.PI),\n\tnew THREE.TeapotBufferGeometry(1, 10, true, true, true, true, true),\n\tnew THREE.TorusBufferGeometry(1, 0.5, 32, 32, Math.PI * 2),\n\tnew THREE.TorusKnotBufferGeometry(1, 0.4, 64, 12, 2, 3)\n];\n\nvar lastAddTime = 0;\n\nfunction createGeometry() {\n\tvar geometry = geometries[~~(Math.random() * geometries.length)];\n\treturn geometry;\n}\n\nfunction createMaterial() {\n\treturn  new THREE.MeshPhongMaterial({\n\t\tcolor: 0xffffff * Math.random()\n\t});\n}\n\n// 程序运行过程中，每帧都要执行\nfunction update(clock, deltaTime) {\n\tvar time = ~~(clock.getElapsedTime() * 5);\n\t\n\tif(time === lastAddTime) {\n\t\treturn;\n\t}\n\t\n\tlastAddTime = time;\n\t\n\tvar geometry = createGeometry();\n\tvar material = createMaterial();\n\t\n\tvar mesh = new THREE.Mesh(geometry, material);\n\t\n\tmesh.position.y = 30;\n\t\n\tmesh.rotation.set(\n\t\tMath.random() * Math.PI * 2,\n\t\tMath.random() * Math.PI * 2,\n\t\tMath.random() * Math.PI * 2\n\t);\n\t\n\tmesh.castShadow = true;\n\tmesh.receiveShadow = true;\n\t\n\tmesh.userData.physics = {\n        enabled: true,\n\t\ttype: 'rigidBody',\n        shape: 'btBoxShape',\n        mass: 1,\n        inertia: {\n            x: 0,\n            y: 0,\n            z: 0,\n        }\n\t};\n\t\n\tapp.addPhysicsObject(mesh);\n}\n","uuid":"9896F3A6-99B5-4D48-9ACE-18E32C42BFBD"},{"_id":"5c38a902c8b49a2b48418840","metadata":{"generator":"AnimationSerializer","type":"Object","version":"0.0.1"},"id":"5c38a83bc8b49a2b48418833","uuid":"27227EB2-D11C-4700-9D72-67FD8D51623A","name":"组1","type":"AnimationGroup","index":1,"animations":[]},{"_id":"5c38a902c8b49a2b48418841","metadata":{"generator":"AnimationSerializer","type":"Object","version":"0.0.1"},"id":"5c38a83bc8b49a2b48418834","uuid":"B739E71C-3D7B-40B9-9167-AC2D20A53804","name":"组2","type":"AnimationGroup","index":1,"animations":[]},{"_id":"5c38a902c8b49a2b48418842","metadata":{"generator":"AnimationSerializer","type":"Object","version":"0.0.1"},"id":"5c38a83bc8b49a2b48418835","uuid":"FE783256-2255-4EC3-9DA6-A0FAB3C66B63","name":"组3","type":"AnimationGroup","index":2,"animations":[]},{"_id":"5d7b91f5c8b49a0cf8861965","metadata":{"generator":"AudioListenerSerializer","type":"Object","version":"0.0.1"},"castShadow":false,"children":[],"frustumCulled":true,"layers":{"mask":1},"matrix":{"elements":[1,0,0,0,0,1,0,0,0,0,1,0,0,0,0,1]},"matrixAutoUpdate":true,"matrixWorld":{"elements":[0.65591801521065218,-4.163336342344337E-17,-0.75483213850638264,0,-0.21934199182904807,0.95684954651690612,-0.19059914992165358,0,0.72226078942621863,0.29058380087401842,0.62761485540658168,0,17.442436314836975,7.0175337150655261,15.15675820415446,1]},"matrixWorldNeedsUpdate":false,"modelViewMatrix":{"elements":[1,0,0,0,0,1,0,0,0,0,1,0,0,0,0,1]},"name":"音频监听器","normalMatrix":{"elements":[1,0,0,0,1,0,0,0,1]},"parent":"5FB4E062-D820-42BD-8783-E71CF17E64D8","position":{"x":0,"y":0,"z":0},"quaternion":{"x":0,"y":0,"z":0,"w":1},"receiveShadow":false,"renderOrder":0,"rotation":{"x":0,"y":0,"z":0,"order":"XYZ"},"scale":{"x":1,"y":1,"z":1},"type":"AudioListener","up":{"x":0,"y":1,"z":0},"userData":{},"uuid":"45744924-80BA-4348-9CB6-3562D45E5540","visible":true,"isObject3D":true,"masterVolume":1},{"_id":"5d7b91f5c8b49a0cf8861966","metadata":{"generator":"VisualSerializer","type":"Object","version":"0.0.1"},"data":[]},{"_id":"5d7b91f5c8b49a0cf8861967","metadata":{"generator":"SceneSerializer","type":"Object","version":"0.0.1"},"castShadow":false,"children":["B219B540-444F-4C81-9F83-530EA418B0DD","D4FBC469-A07A-43A2-BF73-76CB0EDA8E6E","71E248AC-8D52-4866-935D-E46397A8484E"],"frustumCulled":true,"layers":{"mask":1},"matrix":{"elements":[1,0,0,0,0,1,0,0,0,0,1,0,0,0,0,1]},"matrixAutoUpdate":true,"matrixWorld":{"elements":[1,0,0,0,0,1,0,0,0,0,1,0,0,0,0,1]},"matrixWorldNeedsUpdate":false,"modelViewMatrix":{"elements":[1,0,0,0,0,1,0,0,0,0,1,0,0,0,0,1]},"name":"场景","normalMatrix":{"elements":[1,0,0,0,1,0,0,0,1]},"parent":null,"position":{"x":0,"y":0,"z":0},"quaternion":{"x":0,"y":0,"z":0,"w":1},"receiveShadow":false,"renderOrder":0,"rotation":{"x":0,"y":0,"z":0,"order":"XYZ"},"scale":{"x":1,"y":1,"z":1},"type":"Scene","up":{"x":0,"y":1,"z":0},"userData":{"postProcessing":{"fxaa":{"enabled":true}},"children":[{"uuid":"B219B540-444F-4C81-9F83-530EA418B0DD","children":[]},{"uuid":"D4FBC469-A07A-43A2-BF73-76CB0EDA8E6E","children":[]},{"uuid":"71E248AC-8D52-4866-935D-E46397A8484E","children":[]}]},"uuid":"AE691E78-A2A2-4307-9A7F-609282A1BA54","visible":true,"isObject3D":true,"background":11184810,"fog":null,"overrideMaterial":null},{"_id":"5d7b91f5c8b49a0cf8861968","metadata":{"generator":"AmbientLightSerializer","type":"Object","version":"0.0.1"},"children":[],"frustumCulled":true,"layers":{"mask":1},"matrix":{"elements":[1,0,0,0,0,1,0,0,0,0,1,0,0,0,0,1]},"matrixAutoUpdate":true,"matrixWorld":{"elements":[1,0,0,0,0,1,0,0,0,0,1,0,0,0,0,1]},"matrixWorldNeedsUpdate":false,"modelViewMatrix":{"elements":[1,0,0,0,0,1,0,0,0,0,1,0,0,0,0,1]},"name":"环境光","normalMatrix":{"elements":[1,0,0,0,1,0,0,0,1]},"parent":"AE691E78-A2A2-4307-9A7F-609282A1BA54","position":{"x":0,"y":0,"z":0},"quaternion":{"x":0,"y":0,"z":0,"w":1},"renderOrder":0,"rotation":{"x":0,"y":0,"z":0,"order":"XYZ"},"scale":{"x":1,"y":1,"z":1},"type":"AmbientLight","up":{"x":0,"y":1,"z":0},"userData":{},"uuid":"B219B540-444F-4C81-9F83-530EA418B0DD","visible":true,"isObject3D":true,"color":16777215,"intensity":0.324,"isLight":true,"shadow":null,"isAmbientLight":true},{"_id":"5d7b91f5c8b49a0cf8861969","metadata":{"generator":"DirectionalLightSerializer","type":"Object","version":"0.0.1"},"castShadow":true,"children":[],"frustumCulled":true,"layers":{"mask":1},"matrix":{"elements":[1,0,0,0,0,1,0,0,0,0,1,0,5,10,7.5,1]},"matrixAutoUpdate":true,"matrixWorld":{"elements":[1,0,0,0,0,1,0,0,0,0,1,0,5,10,7.5,1]},"matrixWorldNeedsUpdate":false,"modelViewMatrix":{"elements":[1,0,0,0,0,1,0,0,0,0,1,0,0,0,0,1]},"name":"平行光","normalMatrix":{"elements":[1,0,0,0,1,0,0,0,1]},"parent":"AE691E78-A2A2-4307-9A7F-609282A1BA54","position":{"x":5,"y":10,"z":7.5},"quaternion":{"x":0,"y":0,"z":0,"w":1},"renderOrder":0,"rotation":{"x":0,"y":0,"z":0,"order":"XYZ"},"scale":{"x":1,"y":1,"z":1},"type":"DirectionalLight","up":{"x":0,"y":1,"z":0},"userData":{},"uuid":"D4FBC469-A07A-43A2-BF73-76CB0EDA8E6E","visible":true,"isObject3D":true,"color":16777215,"intensity":0.626,"isLight":true,"shadow":{"metadata":{"generator":"DirectionalLightShadowSerializer","type":"Object","version":"0.0.1"},"bias":0,"camera":{"metadata":{"generator":"OrthographicCameraSerializer","type":"Object","version":"0.0.1"},"castShadow":false,"children":[],"frustumCulled":true,"layers":{"mask":1},"matrix":{"elements":[0.83205029433784372,2.7755575615628914E-17,-0.554700196225229,0,-0.41202096209968375,0.66953406341198618,-0.61803144314952574,0,0.37139067635410372,0.74278135270820744,0.55708601453115558,0,5,10,7.5,1]},"matrixAutoUpdate":true,"matrixWorld":{"elements":[0.83205029433784372,2.7755575615628914E-17,-0.554700196225229,0,-0.41202096209968375,0.66953406341198618,-0.61803144314952574,0,0.37139067635410372,0.74278135270820744,0.55708601453115558,0,5,10,7.5,1]},"matrixWorldNeedsUpdate":false,"modelViewMatrix":{"elements":[1,0,0,0,0,1,0,0,0,0,1,0,0,0,0,1]},"name":"","normalMatrix":{"elements":[1,0,0,0,1,0,0,0,1]},"parent":null,"position":{"x":5,"y":10,"z":7.5},"quaternion":{"x":-0.38904698186552672,"y":0.26476298577359092,"z":0.1177939480420426,"w":0.87445273918619892},"receiveShadow":false,"renderOrder":0,"rotation":{"x":-0.92729521800161219,"y":0.3805063771123649,"z":0.45979025757734426,"order":"XYZ"},"scale":{"x":1,"y":1,"z":1},"type":"OrthographicCamera","up":{"x":0,"y":1,"z":0},"userData":{},"uuid":"A2D38A56-C36D-41A9-9F74-8AE0CCD95692","visible":true,"isObject3D":true,"matrixWorldInverse":{"elements":[0.83205029433784372,-0.41202096209968375,0.37139067635410367,0,-5.5511151231257827E-17,0.66953406341198618,0.74278135270820744,0,-0.55470019622522915,-0.61803144314952574,0.55708601453115558,0,0,0,-13.46291201783626,1]},"projectionMatrix":{"elements":[0.05,0,0,0,0,0.05,0,0,0,0,-0.0040008001600320064,0,0,0,-1.0004000800160033,1]},"bottom":-20,"far":500,"left":-20,"near":0.1,"right":20,"top":20,"view":null,"zoom":1},"map":{"metadata":{"generator":"WebGLRenderTargetSerializer","type":"Object","version":"0.0.1"},"depthBuffer":true,"depthTexture":null,"height":2048,"scissor":{"x":0,"y":0,"z":2048,"w":2048},"scissorTest":false,"stencilBuffer":true,"texture":{"metadata":{"generator":"TextureSerializer","type":"Object","version":"0.0.1"},"anisotropy":1,"center":{"x":0,"y":0},"encoding":3000,"flipY":true,"format":1023,"generateMipmaps":false,"image":null,"magFilter":1003,"mapping":300,"matrix":{"elements":[1,0,0,0,1,0,0,0,1]},"matrixAutoUpdate":true,"minFilter":1003,"mipmaps":[],"name":"平行光.shadowMap","offset":{"x":0,"y":0},"premultiplyAlpha":false,"repeat":{"x":1,"y":1},"rotation":0,"type":1009,"unpackAlignment":4,"uuid":"F4DE32C9-9E42-459F-AF13-FDAE723A5E08","version":0,"wrapS":1001,"wrapT":1001,"isTexture":true},"viewport":{"x":0,"y":0,"z":2048,"w":2048},"width":2048,"isWebGLRenderTarget":true},"mapSize":{"x":2048,"y":2048},"matrix":{"elements":[0.020801257358446096,-0.010300524052492094,-0.00074292993869594652,0,-1.3877787807814458E-18,0.016738351585299655,-0.0014858598773918933,0,-0.013867504905630729,-0.015450786078738144,-0.00111439490804392,0,0.5,0.5,0.0267311702697264,1]},"radius":1},"isDirectionalLight":true},{"_id":"5d7b91f5c8b49a0cf886196a","metadata":{"generator":"MeshSerializer","type":"Object","version":"0.0.1"},"castShadow":true,"children":[],"frustumCulled":true,"layers":{"mask":1},"matrix":{"elements":[1,0,0,0,0,1,0,0,0,0,1,0,0,-0.5,0,1]},"matrixAutoUpdate":true,"matrixWorld":{"elements":[1,0,0,0,0,1,0,0,0,0,1,0,0,-0.5,0,1]},"matrixWorldNeedsUpdate":false,"modelViewMatrix":{"elements":[0.65591801521065207,-0.21934199182904809,0.72226078942621863,0,-8.3266726846886716E-17,0.956849546516906,0.29058380087401836,0,-0.75483213850638242,-0.1905991499216535,0.62761485540658157,0,9.2981178312356841E-16,-0.47842477325844857,-24.295067951125933,1]},"name":"Box","normalMatrix":{"elements":[0.65591801521065218,-0.21934199182904807,0.72226078942621852,-2.775557561562892E-17,0.95684954651690612,0.29058380087401842,-0.75483213850638275,-0.19059914992165358,0.62761485540658157]},"parent":"AE691E78-A2A2-4307-9A7F-609282A1BA54","position":{"x":0,"y":-0.5,"z":0},"quaternion":{"x":0,"y":0,"z":0,"w":1},"receiveShadow":true,"renderOrder":0,"rotation":{"x":0,"y":0,"z":0,"order":"XYZ"},"scale":{"x":1,"y":1,"z":1},"type":"Mesh","up":{"x":0,"y":1,"z":0},"userData":{"physics":{"enabled":true,"type":"rigidBody","shape":"btBoxShape","mass":0,"inertia":{"x":0,"y":0,"z":0}}},"uuid":"71E248AC-8D52-4866-935D-E46397A8484E","visible":true,"isObject3D":true,"drawMode":0,"geometry":{"metadata":{"generator":"BoxBufferGeometrySerializer","type":"Object","version":"0.0.1"},"boundingBox":null,"boundingSphere":{"center":{"x":0,"y":0,"z":0},"radius":21.214146223715723},"drawRange":{"start":0,"count":null},"groups":[{"start":0,"count":6,"materialIndex":0},{"start":6,"count":6,"materialIndex":1},{"start":12,"count":6,"materialIndex":2},{"start":18,"count":6,"materialIndex":3},{"start":24,"count":6,"materialIndex":4},{"start":30,"count":6,"materialIndex":5}],"morphAttributes":{},"name":"","parameters":{"width":30,"height":0.4,"depth":30,"widthSegments":1,"heightSegments":1,"depthSegments":1},"type":"BoxBufferGeometry","userData":{},"uuid":"83CF8393-0130-47E7-9ED0-135B1F44D7B3"},"material":{"metadata":{"generator":"MeshPhongMaterialSerializer","type":"Object","version":"0.0.1"},"alphaMap":null,"alphaTest":0,"aoMap":null,"aoMapIntensity":1,"blendDst":205,"blendDstAlpha":null,"blendEquation":100,"blendEquationAlpha":null,"blendSrc":204,"blendSrcAlpha":null,"blending":1,"bumpMap":null,"bumpScale":1,"clipIntersection":false,"clippingPlanes":null,"color":16777215,"colorWrite":true,"depthFunc":3,"depthTest":true,"depthWrite":true,"displacementBias":0,"displacementMap":null,"displacementScale":1,"dithering":false,"emissive":0,"emissiveIntensity":1,"emissiveMap":null,"envMap":null,"flatShading":false,"fog":true,"lightMap":null,"lightMapIntensity":1,"lights":true,"map":{"metadata":{"generator":"TextureSerializer","type":"Object","version":"0.0.1"},"anisotropy":1,"center":{"x":0,"y":0},"encoding":3000,"flipY":true,"format":1023,"generateMipmaps":true,"image":{"tagName":"img","src":"/Upload/Texture/20190913205141/grid.png","width":64,"height":64},"magFilter":1006,"mapping":300,"matrix":{"elements":[16,0,0,0,16,0,0,0,1]},"matrixAutoUpdate":true,"minFilter":1008,"mipmaps":[],"name":"","offset":{"x":0,"y":0},"premultiplyAlpha":false,"repeat":{"x":16,"y":16},"rotation":0,"type":1009,"unpackAlignment":4,"uuid":"72B7D3D0-45DC-4D18-BAFF-60157A62A130","version":10,"wrapS":1000,"wrapT":1000,"isTexture":true},"metalnessMap":null,"morphNormals":false,"morphTargets":false,"name":"","normalMap":null,"normalScale":{"x":1,"y":1},"opacity":1,"polygonOffset":false,"polygonOffsetFactor":0,"polygonOffsetUnits":0,"precision":null,"premultipliedAlpha":false,"refractionRatio":0.98,"roughnessMap":null,"shadowSide":null,"side":0,"skinning":false,"transparent":false,"type":"MeshPhongMaterial","userData":{},"uuid":"335D56EE-118B-40EE-83B3-A6820D170FEB","vertexColors":0,"visible":true,"wireframe":false,"wireframeLinecap":"round","wireframeLinejoin":"round","wireframeLinewidth":1,"specular":16777215,"shininess":null}}]}