{"Code":200,"Msg":"Get Successfully!","Data":[{"_id":"5d7b8733c8b49a0cf8861761","metadata":{"generator":"OptionsSerializer","type":"Object","version":"0.0.1"},"server":"http://localhost:2000","sceneType":"Empty","shadowMapType":2,"gammaInput":false,"gammaOutput":false,"gammaFactor":2,"hueRotate":0,"saturate":1,"brightness":1,"blur":0,"contrast":1,"grayscale":0,"invert":0,"sepia":0,"theme":"assets/css/light.css","showGrid":true,"showCameraHelper":true,"showPointLightHelper":false,"showDirectionalLightHelper":true,"showSpotLightHelper":true,"showHemisphereLightHelper":true,"showRectAreaLightHelper":true,"showSkeletonHelper":false,"selected":"A3BB5D32-D2B6-4043-BD57-3ECE359D0E16"},{"_id":"5d7b8733c8b49a0cf8861762","metadata":{"generator":"PerspectiveCameraSerializer","type":"Object","version":"0.0.1"},"castShadow":false,"children":["788DB50A-C235-4E26-9CB9-1882E89A8FD0"],"frustumCulled":true,"layers":{"mask":1},"matrix":{"elements":[0.41440725324707051,2.7755575615628914E-16,0.91009154949170834,0,0.38628824795760719,0.90545143454137067,-0.17589510845050871,0,-0.82404369905124608,0.42444987888674679,0.375225641936909,0,-41.629492764569981,21.442592404240418,18.955855331553558,1]},"matrixAutoUpdate":true,"matrixWorld":{"elements":[0.41440725324707051,2.7755575615628914E-16,0.91009154949170834,0,0.38628824795760719,0.90545143454137067,-0.17589510845050871,0,-0.82404369905124608,0.42444987888674679,0.375225641936909,0,-41.629492764569981,21.442592404240418,18.955855331553558,1]},"matrixWorldNeedsUpdate":false,"modelViewMatrix":{"elements":[1,0,0,0,0,1,0,0,0,0,1,0,0,0,0,1]},"name":"默认相机","normalMatrix":{"elements":[1,0,0,0,1,0,0,0,1]},"parent":null,"position":{"x":-41.629492764569981,"y":21.442592404240418,"z":18.955855331553558},"quaternion":{"x":-0.18284568409507984,"y":-0.52816156130425451,"z":-0.11765091813121117,"w":0.82083560012424994},"receiveShadow":false,"renderOrder":0,"rotation":{"x":-0.84687585727652,"y":-0.9685121135206991,"z":-0.75029436405518579,"order":"XYZ"},"scale":{"x":1,"y":1,"z":1},"type":"PerspectiveCamera","up":{"x":0,"y":1,"z":0},"userData":{"isDefault":true,"control":"OrbitControls"},"uuid":"51E76758-7E94-4247-A8BD-BCCBAF55C35B","visible":true,"isObject3D":true,"matrixWorldInverse":{"elements":[0.41440725324707045,0.38628824795760708,-0.824043699051246,0,2.4980018054066017E-16,0.90545143454137056,0.42444987888674679,0,0.91009154949170812,-0.17589510845050868,0.37522564193690888,0,2.2204460492503127E-15,3.9968028886505628E-15,-50.518549941586407,1]},"projectionMatrix":{"elements":[1.1615432125569514,0,0,0,0,2.1445069205095586,0,0,0,0,-1.0000200002000021,-1,0,0,-0.20000200002000021,0]},"aspect":1.8462566844919786,"far":10000,"filmGauge":35,"filmOffset":0,"focus":10,"fov":50,"near":0.1,"view":null,"zoom":1},{"_id":"5d7b8733c8b49a0cf8861763","metadata":{"generator":"WebGLRendererSerializer","type":"Object","version":"0.0.1"},"antialias":true,"autoClear":false,"autoClearColor":true,"autoClearDepth":true,"autoClearStencil":true,"autoUpdateScene":false,"clippingPlanes":[],"gammaFactor":2,"gammaInput":false,"gammaOutput":false,"localClippingEnabled":false,"physicallyCorrectLights":false,"shadowMap":{"metadata":{"generator":"WebGLShadowMapSerializer","type":"Object","version":"0.0.1"},"autoUpdate":true,"enabled":true,"needsUpdate":false,"type":2},"sortObjects":true,"toneMapping":1,"toneMappingExposure":1,"toneMappingWhitePoint":1},{"_id":"5c38a66cc8b49a2b484187cc","metadata":{"generator":"AnimationSerializer","type":"Object","version":"0.0.1"},"id":"5c17930ac8b49b1d70bb6a7e","uuid":"22FA467A-AF2E-4933-B9DE-715550272CCE","name":"组1","type":"AnimationGroup","index":1,"animations":[],"layerName":"AnimLayer1"},{"_id":"5c38a66cc8b49a2b484187cd","metadata":{"generator":"AnimationSerializer","type":"Object","version":"0.0.1"},"id":"5c17930ac8b49b1d70bb6a7f","uuid":"8E470C5C-FA40-45EF-A44E-C28190EEC026","name":"组2","type":"AnimationGroup","index":1,"animations":[],"layerName":"AnimLayer2"},{"_id":"5c38a66cc8b49a2b484187ce","metadata":{"generator":"AnimationSerializer","type":"Object","version":"0.0.1"},"id":"5c17930ac8b49b1d70bb6a80","uuid":"17763CAB-8295-494C-8170-D7A6AB9C08BC","name":"组3","type":"AnimationGroup","index":2,"animations":[],"layerName":"AnimLayer3"},{"_id":"5d7b8733c8b49a0cf8861764","metadata":{"generator":"AudioListenerSerializer","type":"Object","version":"0.0.1"},"castShadow":false,"children":[],"frustumCulled":true,"layers":{"mask":1},"matrix":{"elements":[1,0,0,0,0,1,0,0,0,0,1,0,0,0,0,1]},"matrixAutoUpdate":true,"matrixWorld":{"elements":[0.41440725324707051,2.7755575615628914E-16,0.91009154949170834,0,0.38628824795760719,0.90545143454137067,-0.17589510845050871,0,-0.82404369905124608,0.42444987888674679,0.375225641936909,0,-41.629492764569981,21.442592404240418,18.955855331553558,1]},"matrixWorldNeedsUpdate":false,"modelViewMatrix":{"elements":[1,0,0,0,0,1,0,0,0,0,1,0,0,0,0,1]},"name":"音频监听器","normalMatrix":{"elements":[1,0,0,0,1,0,0,0,1]},"parent":"51E76758-7E94-4247-A8BD-BCCBAF55C35B","position":{"x":0,"y":0,"z":0},"quaternion":{"x":0,"y":0,"z":0,"w":1},"receiveShadow":false,"renderOrder":0,"rotation":{"x":0,"y":0,"z":0,"order":"XYZ"},"scale":{"x":1,"y":1,"z":1},"type":"AudioListener","up":{"x":0,"y":1,"z":0},"userData":{},"uuid":"788DB50A-C235-4E26-9CB9-1882E89A8FD0","visible":true,"isObject3D":true,"masterVolume":1},{"_id":"5d7b8733c8b49a0cf8861765","metadata":{"generator":"VisualSerializer","type":"Object","version":"0.0.1"},"data":[]},{"_id":"5d7b8733c8b49a0cf8861766","metadata":{"generator":"SceneSerializer","type":"Object","version":"0.0.1"},"castShadow":false,"children":["26C59289-7FEA-4F0A-A879-E477D8019391","27525A01-80B2-4EED-B201-EC557C996C06","19638F37-50C7-4324-BF3C-056CCD4B35AF","569A8EE8-28E6-4853-9251-FC725DC0900F","C7ACE80E-05D7-4B5D-A72C-13209DED58B2","F4DF3168-EF0A-4FA2-A79B-B719ABE6BCED","A3BB5D32-D2B6-4043-BD57-3ECE359D0E16"],"frustumCulled":true,"layers":{"mask":1},"matrix":{"elements":[1,0,0,0,0,1,0,0,0,0,1,0,0,0,0,1]},"matrixAutoUpdate":true,"matrixWorld":{"elements":[1,0,0,0,0,1,0,0,0,0,1,0,0,0,0,1]},"matrixWorldNeedsUpdate":false,"modelViewMatrix":{"elements":[1,0,0,0,0,1,0,0,0,0,1,0,0,0,0,1]},"name":"场景","normalMatrix":{"elements":[1,0,0,0,1,0,0,0,1]},"parent":null,"position":{"x":0,"y":0,"z":0},"quaternion":{"x":0,"y":0,"z":0,"w":1},"receiveShadow":false,"renderOrder":0,"rotation":{"x":0,"y":0,"z":0,"order":"XYZ"},"scale":{"x":1,"y":1,"z":1},"type":"Scene","up":{"x":0,"y":1,"z":0},"userData":{"children":[{"uuid":"26C59289-7FEA-4F0A-A879-E477D8019391","children":[]},{"uuid":"27525A01-80B2-4EED-B201-EC557C996C06","children":[]},{"uuid":"19638F37-50C7-4324-BF3C-056CCD4B35AF","children":[]},{"uuid":"569A8EE8-28E6-4853-9251-FC725DC0900F","children":[{"uuid":"F776D2B1-DF1B-4FD7-A659-D4B556027449","children":[]}]},{"uuid":"C7ACE80E-05D7-4B5D-A72C-13209DED58B2","children":[]},{"uuid":"F4DF3168-EF0A-4FA2-A79B-B719ABE6BCED","children":[{"uuid":"CF826023-D983-4E9B-A0BC-F6E8DD1D1F9D","children":[]}]},{"uuid":"A3BB5D32-D2B6-4043-BD57-3ECE359D0E16","children":[]}]},"uuid":"1CD9C665-D00E-4A4B-B9B8-5772EFD989CE","visible":true,"isObject3D":true,"background":11184810,"fog":null,"overrideMaterial":null},{"_id":"5d7b8733c8b49a0cf8861767","metadata":{"generator":"AmbientLightSerializer","type":"Object","version":"0.0.1"},"children":[],"frustumCulled":true,"layers":{"mask":1},"matrix":{"elements":[1,0,0,0,0,1,0,0,0,0,1,0,0,0,0,1]},"matrixAutoUpdate":true,"matrixWorld":{"elements":[1,0,0,0,0,1,0,0,0,0,1,0,0,0,0,1]},"matrixWorldNeedsUpdate":false,"modelViewMatrix":{"elements":[1,0,0,0,0,1,0,0,0,0,1,0,0,0,0,1]},"name":"环境光","normalMatrix":{"elements":[1,0,0,0,1,0,0,0,1]},"parent":"1CD9C665-D00E-4A4B-B9B8-5772EFD989CE","position":{"x":0,"y":0,"z":0},"quaternion":{"x":0,"y":0,"z":0,"w":1},"renderOrder":0,"rotation":{"x":0,"y":0,"z":0,"order":"XYZ"},"scale":{"x":1,"y":1,"z":1},"type":"AmbientLight","up":{"x":0,"y":1,"z":0},"userData":{},"uuid":"26C59289-7FEA-4F0A-A879-E477D8019391","visible":true,"isObject3D":true,"color":16777215,"intensity":0.09,"isLight":true,"shadow":null,"isAmbientLight":true},{"_id":"5d7b8733c8b49a0cf8861768","metadata":{"generator":"DirectionalLightSerializer","type":"Object","version":"0.0.1"},"castShadow":true,"children":[],"frustumCulled":true,"layers":{"mask":1},"matrix":{"elements":[1,0,0,0,0,1,0,0,0,0,1,0,4.4814663280567668,10,-5.1622430857952928,1]},"matrixAutoUpdate":true,"matrixWorld":{"elements":[1,0,0,0,0,1,0,0,0,0,1,0,4.4814663280567668,10,-5.1622430857952928,1]},"matrixWorldNeedsUpdate":false,"modelViewMatrix":{"elements":[1,0,0,0,0,1,0,0,0,0,1,0,0,0,0,1]},"name":"平行光","normalMatrix":{"elements":[1,0,0,0,1,0,0,0,1]},"parent":"1CD9C665-D00E-4A4B-B9B8-5772EFD989CE","position":{"x":4.4814663280567668,"y":10,"z":-5.1622430857952928},"quaternion":{"x":0,"y":0,"z":0,"w":1},"renderOrder":0,"rotation":{"x":0,"y":0,"z":0,"order":"XYZ"},"scale":{"x":1,"y":1,"z":1},"type":"DirectionalLight","up":{"x":0,"y":1,"z":0},"userData":{},"uuid":"27525A01-80B2-4EED-B201-EC557C996C06","visible":true,"isObject3D":true,"color":16711808,"intensity":0.34,"isLight":true,"shadow":{"metadata":{"generator":"DirectionalLightShadowSerializer","type":"Object","version":"0.0.1"},"bias":0,"camera":{"metadata":{"generator":"OrthographicCameraSerializer","type":"Object","version":"0.0.1"},"castShadow":false,"children":[],"frustumCulled":true,"layers":{"mask":1},"matrix":{"elements":[-0.7551442164715243,5.5511151231257827E-17,-0.65555870242840064,0,-0.54118871636816612,0.56434631925806222,0.62340035708656272,0,0.36996214077305933,0.82553814687140736,-0.42616285907471818,0,4.4814663280567668,10,-5.1622430857952928,1]},"matrixAutoUpdate":true,"matrixWorld":{"elements":[-0.7551442164715243,5.5511151231257827E-17,-0.65555870242840064,0,-0.54118871636816612,0.56434631925806222,0.62340035708656272,0,0.36996214077305933,0.82553814687140736,-0.42616285907471818,0,4.4814663280567668,10,-5.1622430857952928,1]},"matrixWorldNeedsUpdate":false,"modelViewMatrix":{"elements":[1,0,0,0,0,1,0,0,0,0,1,0,0,0,0,1]},"name":"","normalMatrix":{"elements":[1,0,0,0,1,0,0,0,1]},"parent":null,"position":{"x":4.4814663280567668,"y":10,"z":-5.1622430857952928},"quaternion":{"x":-0.16330364612060236,"y":0.82850066306616565,"z":0.43721706226391249,"w":0.3094508215015031},"receiveShadow":false,"renderOrder":0,"rotation":{"x":-2.0473389779773346,"y":0.37896826975329623,"z":2.5197665915651761,"order":"XYZ"},"scale":{"x":1,"y":1,"z":1},"type":"OrthographicCamera","up":{"x":0,"y":1,"z":0},"userData":{},"uuid":"75C17F3D-31FE-4883-BEF5-79A56FE81364","visible":true,"isObject3D":true,"matrixWorldInverse":{"elements":[-0.75514421647152374,-0.541188716368166,0.36996214077305911,0,-2.77555756156289E-17,0.56434631925806256,0.82553814687140725,0,-0.65555870242840031,0.62340035708656283,-0.4261628590747179,0,8.8817841970012484E-16,-4.4408920985006242E-16,-12.113310617925551,1.0000000000000002]},"projectionMatrix":{"elements":[0.01,0,0,0,0,0.01,0,0,0,0,-0.004004004004004004,0,0,0,-1.002002002002002,1]},"bottom":-100,"far":500,"left":-100,"near":0.5,"right":100,"top":100,"view":null,"zoom":1},"map":{"metadata":{"generator":"WebGLRenderTargetSerializer","type":"Object","version":"0.0.1"},"depthBuffer":true,"depthTexture":null,"height":2048,"scissor":{"x":0,"y":0,"z":2048,"w":2048},"scissorTest":false,"stencilBuffer":true,"texture":{"metadata":{"generator":"TextureSerializer","type":"Object","version":"0.0.1"},"anisotropy":1,"center":{"x":0,"y":0},"encoding":3000,"flipY":true,"format":1023,"generateMipmaps":false,"image":null,"magFilter":1003,"mapping":300,"matrix":{"elements":[1,0,0,0,1,0,0,0,1]},"matrixAutoUpdate":true,"minFilter":1003,"mipmaps":[],"name":"平行光.shadowMap","offset":{"x":0,"y":0},"premultiplyAlpha":false,"repeat":{"x":1,"y":1},"rotation":0,"type":1009,"unpackAlignment":4,"uuid":"74C49D34-1471-4218-A8FE-C358155D2DCA","version":0,"wrapS":1001,"wrapT":1001,"isTexture":true},"viewport":{"x":0,"y":0,"z":2048,"w":2048},"width":2048,"isWebGLRenderTarget":true},"mapSize":{"x":2048,"y":2048},"matrix":{"elements":[-0.0037757210823576187,-0.00270594358184083,-0.00074066494649261078,0,-1.387778780781445E-19,0.0028217315962903128,-0.0016527290227655801,0,-0.0032777935121420018,0.0031170017854328142,0.00085317889704648224,0,0.50000000000000011,0.50000000000000011,0.023249871106958083,1.0000000000000002]},"radius":1},"isDirectionalLight":true},{"_id":"5d7b8733c8b49a0cf8861769","metadata":{"generator":"MeshSerializer","type":"Object","version":"0.0.1"},"castShadow":true,"children":[],"frustumCulled":true,"layers":{"mask":1},"matrix":{"elements":[1,0,0,0,0,2.2204460492503131E-16,-1,0,0,1,2.2204460492503131E-16,0,0,0,0,1]},"matrixAutoUpdate":true,"matrixWorld":{"elements":[1,0,0,0,0,2.2204460492503131E-16,-1,0,0,1,2.2204460492503131E-16,0,0,0,0,1]},"matrixWorldNeedsUpdate":false,"modelViewMatrix":{"elements":[0.41440725324707045,0.38628824795760708,-0.824043699051246,0,-0.91009154949170812,0.17589510845050887,-0.37522564193690877,0,4.51881099093156E-16,0.90545143454137056,0.4244498788867469,0,2.2204460492503127E-15,3.9968028886505628E-15,-50.518549941586407,1]},"name":"平面","normalMatrix":{"elements":[0.41440725324707051,0.3862882479576073,-0.82404369905124619,-0.91009154949170834,0.1758951084505089,-0.37522564193690894,4.9960036108132054E-16,0.90545143454137056,0.42444987888674685]},"parent":"1CD9C665-D00E-4A4B-B9B8-5772EFD989CE","position":{"x":0,"y":0,"z":0},"quaternion":{"x":-0.70710678118654746,"y":0,"z":0,"w":0.70710678118654757},"receiveShadow":true,"renderOrder":0,"rotation":{"x":-1.5707963267948966,"y":0,"z":0,"order":"XYZ"},"scale":{"x":1,"y":1,"z":1},"type":"Mesh","up":{"x":0,"y":1,"z":0},"userData":{},"uuid":"19638F37-50C7-4324-BF3C-056CCD4B35AF","visible":true,"isObject3D":true,"drawMode":0,"geometry":{"metadata":{"generator":"PlaneBufferGeometrySerializer","type":"Object","version":"0.0.1"},"boundingBox":null,"boundingSphere":{"center":{"x":0,"y":0,"z":0},"radius":35.355339059327378},"drawRange":{"start":0,"count":null},"groups":[],"morphAttributes":{},"name":"","parameters":{"width":50,"height":50},"type":"PlaneBufferGeometry","userData":{},"uuid":"D53A6339-619C-4C03-A0B6-922ADAF20744"},"material":{"metadata":{"generator":"MeshStandardMaterialSerializer","type":"Object","version":"0.0.1"},"alphaMap":null,"alphaTest":0,"aoMap":null,"aoMapIntensity":1,"blendDst":205,"blendDstAlpha":null,"blendEquation":100,"blendEquationAlpha":null,"blendSrc":204,"blendSrcAlpha":null,"blending":1,"bumpMap":null,"bumpScale":1,"clipIntersection":false,"clippingPlanes":null,"color":16777215,"colorWrite":true,"depthFunc":3,"depthTest":true,"depthWrite":true,"displacementBias":0,"displacementMap":null,"displacementScale":1,"dithering":false,"emissive":0,"emissiveIntensity":1,"emissiveMap":null,"envMap":null,"envMapIntensity":1,"flatShading":false,"fog":true,"lightMap":null,"lightMapIntensity":1,"lights":true,"map":null,"metalness":0.5,"metalnessMap":null,"morphNormals":false,"morphTargets":false,"name":"","normalMap":null,"normalScale":{"x":1,"y":1},"opacity":1,"polygonOffset":false,"polygonOffsetFactor":0,"polygonOffsetUnits":0,"precision":null,"premultipliedAlpha":false,"refractionRatio":0.98,"roughness":0.5,"roughnessMap":null,"shadowSide":null,"side":0,"skinning":false,"transparent":false,"type":"MeshStandardMaterial","userData":{},"uuid":"5B644443-7CCE-4239-B49A-B50004A3A7BB","vertexColors":0,"visible":true,"wireframe":false,"wireframeLinecap":"round","wireframeLinejoin":"round","wireframeLinewidth":1}},{"_id":"5d7b8733c8b49a0cf886176a","metadata":{"generator":"PointLightSerializer","type":"Object","version":"0.0.1"},"castShadow":true,"children":["F776D2B1-DF1B-4FD7-A659-D4B556027449"],"frustumCulled":true,"layers":{"mask":1},"matrix":{"elements":[1,0,0,0,0,1,0,0,0,0,1,0,-2.9211657515685268,4.0815437615819565,13.123278311093909,1]},"matrixAutoUpdate":true,"matrixWorld":{"elements":[1,0,0,0,0,1,0,0,0,0,1,0,-2.9211657515685268,4.0815437615819565,13.123278311093909,1]},"matrixWorldNeedsUpdate":false,"modelViewMatrix":{"elements":[1,0,0,0,0,1,0,0,0,0,1,0,0,0,0,1]},"name":"点光源","normalMatrix":{"elements":[1,0,0,0,1,0,0,0,1]},"parent":"1CD9C665-D00E-4A4B-B9B8-5772EFD989CE","position":{"x":-2.9211657515685268,"y":4.0815437615819565,"z":13.123278311093909},"quaternion":{"x":0,"y":0,"z":0,"w":1},"renderOrder":0,"rotation":{"x":0,"y":0,"z":0,"order":"XYZ"},"scale":{"x":1,"y":1,"z":1},"type":"PointLight","up":{"x":0,"y":1,"z":0},"userData":{},"uuid":"569A8EE8-28E6-4853-9251-FC725DC0900F","visible":true,"isObject3D":true,"color":65280,"intensity":0.26,"isLight":true,"shadow":{"metadata":{"generator":"LightShadowSerializer","type":"Object","version":"0.0.1"},"bias":0,"camera":{"metadata":{"generator":"PerspectiveCameraSerializer","type":"Object","version":"0.0.1"},"castShadow":false,"children":[],"frustumCulled":true,"layers":{"mask":1},"matrix":{"elements":[1,0,0,0,0,2.2204460492503131E-16,-1,0,0,1,2.2204460492503131E-16,0,-2.9211657515685268,4.0815437615819565,13.123278311093909,1]},"matrixAutoUpdate":true,"matrixWorld":{"elements":[1,0,0,0,0,2.2204460492503131E-16,-1,0,0,1,2.2204460492503131E-16,0,-2.9211657515685268,4.0815437615819565,13.123278311093909,1]},"matrixWorldNeedsUpdate":false,"modelViewMatrix":{"elements":[1,0,0,0,0,1,0,0,0,0,1,0,0,0,0,1]},"name":"","normalMatrix":{"elements":[1,0,0,0,1,0,0,0,1]},"parent":null,"position":{"x":-2.9211657515685268,"y":4.0815437615819565,"z":13.123278311093909},"quaternion":{"x":-0.70710678118654746,"y":0,"z":0,"w":0.70710678118654757},"receiveShadow":false,"renderOrder":0,"rotation":{"x":-1.5707963267948963,"y":0,"z":0,"order":"XYZ"},"scale":{"x":1,"y":1,"z":1},"type":"PerspectiveCamera","up":{"x":0,"y":0,"z":-1},"userData":{},"uuid":"A87E2629-F1BD-4CDF-93A0-92FCA745E4F0","visible":true,"isObject3D":true,"matrixWorldInverse":{"elements":[1,0,0,0,0,2.2204460492503131E-16,1,0,0,-1,2.2204460492503131E-16,0,2.9211657515685268,13.123278311093907,-4.0815437615819592,1]},"projectionMatrix":{"elements":[1.0000000000000002,0,0,0,0,1.0000000000000002,0,0,0,0,-1.002002002002002,-1,0,0,-1.0010010010010011,0]},"aspect":1,"far":500,"filmGauge":35,"filmOffset":0,"focus":10,"fov":90,"near":0.5,"view":null,"zoom":1},"map":{"metadata":{"generator":"WebGLRenderTargetSerializer","type":"Object","version":"0.0.1"},"depthBuffer":true,"depthTexture":null,"height":1024,"scissor":{"x":0,"y":0,"z":2048,"w":1024},"scissorTest":false,"stencilBuffer":true,"texture":{"metadata":{"generator":"TextureSerializer","type":"Object","version":"0.0.1"},"anisotropy":1,"center":{"x":0,"y":0},"encoding":3000,"flipY":true,"format":1023,"generateMipmaps":false,"image":null,"magFilter":1003,"mapping":300,"matrix":{"elements":[1,0,0,0,1,0,0,0,1]},"matrixAutoUpdate":true,"minFilter":1003,"mipmaps":[],"name":"点光源.shadowMap","offset":{"x":0,"y":0},"premultiplyAlpha":false,"repeat":{"x":1,"y":1},"rotation":0,"type":1009,"unpackAlignment":4,"uuid":"628029A3-AD36-483E-94DF-7D57B67BBFB2","version":0,"wrapS":1001,"wrapT":1001,"isTexture":true},"viewport":{"x":0,"y":0,"z":2048,"w":1024},"width":2048,"isWebGLRenderTarget":true},"mapSize":{"x":512,"y":512},"matrix":{"elements":[1,0,0,0,0,1,0,0,0,0,1,0,2.9211657515685268,-4.0815437615819565,-13.123278311093909,1]},"radius":1},"isPointLight":true,"distance":0,"decay":1},{"_id":"5d7b8733c8b49a0cf886176b","metadata":{"generator":"MeshSerializer","type":"Object","version":"0.0.1"},"castShadow":false,"children":[],"frustumCulled":true,"layers":{"mask":1},"matrix":{"elements":[1,0,0,0,0,1,0,0,0,0,1,0,0,0,0,1]},"matrixAutoUpdate":true,"matrixWorld":{"elements":[1,0,0,0,0,1,0,0,0,0,1,0,-2.9211657515685268,4.0815437615819565,13.123278311093909,1]},"matrixWorldNeedsUpdate":false,"modelViewMatrix":{"elements":[0.41440725324707045,0.38628824795760708,-0.824043699051246,0,2.4980018054066017E-16,0.90545143454137056,0.42444987888674679,0,0.91009154949170812,-0.17589510845050868,0.37522564193690888,0,10.732832417167458,0.25890719214452407,-41.454780426250721,1]},"name":"帮助器","normalMatrix":{"elements":[0.41440725324707051,0.38628824795760724,-0.82404369905124608,3.053113317719181E-16,0.90545143454137067,0.42444987888674673,0.91009154949170834,-0.17589510845050868,0.375225641936909]},"parent":"569A8EE8-28E6-4853-9251-FC725DC0900F","position":{"x":0,"y":0,"z":0},"quaternion":{"x":0,"y":0,"z":0,"w":1},"receiveShadow":false,"renderOrder":0,"rotation":{"x":0,"y":0,"z":0,"order":"XYZ"},"scale":{"x":1,"y":1,"z":1},"type":"Mesh","up":{"x":0,"y":1,"z":0},"userData":{"type":"helper"},"uuid":"F776D2B1-DF1B-4FD7-A659-D4B556027449","visible":true,"isObject3D":true,"drawMode":0,"geometry":{"metadata":{"generator":"SphereBufferGeometrySerializer","type":"Object","version":"0.0.1"},"boundingBox":null,"boundingSphere":{"center":{"x":0,"y":0,"z":0},"radius":0.20000000922120034},"drawRange":{"start":0,"count":null},"groups":[],"morphAttributes":{},"name":"","parameters":{"radius":0.2,"widthSegments":16,"heightSegments":8},"type":"SphereBufferGeometry","userData":{},"uuid":"EDD71CFB-3692-4710-96F3-C80030C41208"},"material":{"metadata":{"generator":"MeshBasicMaterialSerializer","type":"Object","version":"0.0.1"},"alphaMap":null,"alphaTest":0,"aoMap":null,"aoMapIntensity":1,"blendDst":205,"blendDstAlpha":null,"blendEquation":100,"blendEquationAlpha":null,"blendSrc":204,"blendSrcAlpha":null,"blending":1,"bumpMap":null,"clipIntersection":false,"clippingPlanes":null,"color":65280,"colorWrite":true,"depthFunc":3,"depthTest":true,"depthWrite":true,"displacementMap":null,"dithering":false,"emissiveMap":null,"envMap":null,"flatShading":false,"fog":true,"lightMap":null,"lightMapIntensity":1,"lights":false,"map":null,"metalnessMap":null,"morphTargets":false,"name":"","normalMap":null,"normalScale":null,"opacity":1,"polygonOffset":false,"polygonOffsetFactor":0,"polygonOffsetUnits":0,"precision":null,"premultipliedAlpha":false,"refractionRatio":0.98,"roughnessMap":null,"shadowSide":null,"side":0,"skinning":false,"transparent":false,"type":"MeshBasicMaterial","userData":{},"uuid":"7E676CB7-6E7E-4588-86C2-0F5C85DA0496","vertexColors":0,"visible":true,"wireframe":false,"wireframeLinecap":"round","wireframeLinejoin":"round","wireframeLinewidth":1}},{"_id":"5d7b8733c8b49a0cf886176c","metadata":{"generator":"MeshSerializer","type":"Object","version":"0.0.1"},"castShadow":true,"children":[],"frustumCulled":true,"layers":{"mask":1},"matrix":{"elements":[5,0,0,0,0,5,0,0,0,0,5,0,3.4035077453684606,2.7625209997321267,3.8360459317955997,1]},"matrixAutoUpdate":true,"matrixWorld":{"elements":[5,0,0,0,0,5,0,0,0,0,5,0,3.4035077453684606,2.7625209997321267,3.8360459317955997,1]},"matrixWorldNeedsUpdate":false,"modelViewMatrix":{"elements":[2.0720362662353522,1.9314412397880354,-4.12021849525623,0,1.2490009027033009E-15,4.5272571727068529,2.1222493944337337,0,4.550457747458541,-0.87947554225254343,1.8761282096845444,0,4.9015912821524967,3.1413219308323277,-50.711254552813529,1]},"name":"正方体","normalMatrix":{"elements":[0.082881450649414115,0.077257649591521441,-0.16480873981024924,6.3948846218409037E-17,0.18109028690827417,0.084889975777349358,0.18201830989834167,-0.035179021690101737,0.0750451283873818]},"parent":"1CD9C665-D00E-4A4B-B9B8-5772EFD989CE","position":{"x":3.4035077453684606,"y":2.7625209997321267,"z":3.8360459317955997},"quaternion":{"x":0,"y":0,"z":0,"w":1},"receiveShadow":true,"renderOrder":0,"rotation":{"x":0,"y":0,"z":0,"order":"XYZ"},"scale":{"x":"5.00","y":"5.00","z":"5.00"},"type":"Mesh","up":{"x":0,"y":1,"z":0},"userData":{},"uuid":"C7ACE80E-05D7-4B5D-A72C-13209DED58B2","visible":true,"isObject3D":true,"drawMode":0,"geometry":{"metadata":{"generator":"BoxBufferGeometrySerializer","type":"Object","version":"0.0.1"},"boundingBox":null,"boundingSphere":{"center":{"x":0,"y":0,"z":0},"radius":0.8660254037844386},"drawRange":{"start":0,"count":null},"groups":[{"start":0,"count":6,"materialIndex":0},{"start":6,"count":6,"materialIndex":1},{"start":12,"count":6,"materialIndex":2},{"start":18,"count":6,"materialIndex":3},{"start":24,"count":6,"materialIndex":4},{"start":30,"count":6,"materialIndex":5}],"morphAttributes":{},"name":"","parameters":{"width":1,"height":1,"depth":1},"type":"BoxBufferGeometry","userData":{},"uuid":"16B5D3A9-C3DF-4AFA-9A75-07BE49896BE1"},"material":{"metadata":{"generator":"MeshStandardMaterialSerializer","type":"Object","version":"0.0.1"},"alphaMap":null,"alphaTest":0,"aoMap":null,"aoMapIntensity":1,"blendDst":205,"blendDstAlpha":null,"blendEquation":100,"blendEquationAlpha":null,"blendSrc":204,"blendSrcAlpha":null,"blending":1,"bumpMap":null,"bumpScale":1,"clipIntersection":false,"clippingPlanes":null,"color":16777215,"colorWrite":true,"depthFunc":3,"depthTest":true,"depthWrite":true,"displacementBias":0,"displacementMap":null,"displacementScale":1,"dithering":false,"emissive":0,"emissiveIntensity":1,"emissiveMap":null,"envMap":null,"envMapIntensity":1,"flatShading":false,"fog":true,"lightMap":null,"lightMapIntensity":1,"lights":true,"map":null,"metalness":0.5,"metalnessMap":null,"morphNormals":false,"morphTargets":false,"name":"","normalMap":null,"normalScale":{"x":1,"y":1},"opacity":1,"polygonOffset":false,"polygonOffsetFactor":0,"polygonOffsetUnits":0,"precision":null,"premultipliedAlpha":false,"refractionRatio":0.98,"roughness":0.5,"roughnessMap":null,"shadowSide":null,"side":0,"skinning":false,"transparent":false,"type":"MeshStandardMaterial","userData":{},"uuid":"40123D7F-E7F9-456D-9D0B-F4BD00B684D0","vertexColors":0,"visible":true,"wireframe":false,"wireframeLinecap":"round","wireframeLinejoin":"round","wireframeLinewidth":1}},{"_id":"5d7b8733c8b49a0cf886176d","metadata":{"generator":"HemisphereLightSerializer","type":"Object","version":"0.0.1"},"children":["CF826023-D983-4E9B-A0BC-F6E8DD1D1F9D"],"frustumCulled":true,"layers":{"mask":1},"matrix":{"elements":[1,0,0,0,0,1,0,0,0,0,1,0,0,10,0,1]},"matrixAutoUpdate":true,"matrixWorld":{"elements":[1,0,0,0,0,1,0,0,0,0,1,0,0,10,0,1]},"matrixWorldNeedsUpdate":false,"modelViewMatrix":{"elements":[1,0,0,0,0,1,0,0,0,0,1,0,0,0,0,1]},"name":"半球光","normalMatrix":{"elements":[1,0,0,0,1,0,0,0,1]},"parent":"1CD9C665-D00E-4A4B-B9B8-5772EFD989CE","position":{"x":0,"y":10,"z":0},"quaternion":{"x":0,"y":0,"z":0,"w":1},"renderOrder":0,"rotation":{"x":0,"y":0,"z":0,"order":"XYZ"},"scale":{"x":1,"y":1,"z":1},"type":"HemisphereLight","up":{"x":0,"y":1,"z":0},"userData":{},"uuid":"F4DF3168-EF0A-4FA2-A79B-B719ABE6BCED","visible":true,"isObject3D":true,"color":43775,"intensity":0.28,"isLight":true,"shadow":null,"isHemisphereLight":true,"groundColor":16755200},{"_id":"5d7b8733c8b49a0cf886176e","metadata":{"generator":"MeshSerializer","type":"Object","version":"0.0.1"},"castShadow":false,"children":[],"frustumCulled":true,"layers":{"mask":1},"matrix":{"elements":[1,0,0,0,0,1,0,0,0,0,1,0,0,0,0,1]},"matrixAutoUpdate":true,"matrixWorld":{"elements":[1,0,0,0,0,1,0,0,0,0,1,0,0,10,0,1]},"matrixWorldNeedsUpdate":false,"modelViewMatrix":{"elements":[0.41440725324707045,0.38628824795760708,-0.824043699051246,0,2.4980018054066017E-16,0.90545143454137056,0.42444987888674679,0,0.91009154949170812,-0.17589510845050868,0.37522564193690888,0,4.7184478546569145E-15,9.05451434541371,-46.27405115271894,1]},"name":"天空","normalMatrix":{"elements":[0.41440725324707051,0.38628824795760724,-0.82404369905124608,3.053113317719181E-16,0.90545143454137067,0.42444987888674673,0.91009154949170834,-0.17589510845050868,0.375225641936909]},"parent":"F4DF3168-EF0A-4FA2-A79B-B719ABE6BCED","position":{"x":0,"y":0,"z":0},"quaternion":{"x":0,"y":0,"z":0,"w":1},"receiveShadow":false,"renderOrder":0,"rotation":{"x":0,"y":0,"z":0,"order":"XYZ"},"scale":{"x":1,"y":1,"z":1},"type":"Mesh","up":{"x":0,"y":1,"z":0},"userData":{"type":"sky"},"uuid":"CF826023-D983-4E9B-A0BC-F6E8DD1D1F9D","visible":true,"isObject3D":true,"drawMode":0,"geometry":{"metadata":{"generator":"SphereBufferGeometrySerializer","type":"Object","version":"0.0.1"},"boundingBox":null,"boundingSphere":{"center":{"x":0,"y":0,"z":0},"radius":4000.0001296147852},"drawRange":{"start":0,"count":null},"groups":[],"morphAttributes":{},"name":"","parameters":{"radius":4000,"widthSegments":32,"heightSegments":15},"type":"SphereBufferGeometry","userData":{},"uuid":"28975260-5FC5-4F22-8533-1D81F6215E58"},"material":{"metadata":{"generator":"ShaderMaterialSerializer","type":"Object","version":"0.0.1"},"alphaMap":null,"alphaTest":0,"aoMap":null,"blendDst":205,"blendDstAlpha":null,"blendEquation":100,"blendEquationAlpha":null,"blendSrc":204,"blendSrcAlpha":null,"blending":1,"bumpMap":null,"clipIntersection":false,"clippingPlanes":null,"color":null,"colorWrite":true,"depthFunc":3,"depthTest":true,"depthWrite":true,"displacementMap":null,"dithering":false,"emissiveMap":null,"envMap":null,"flatShading":false,"fog":false,"lightMap":null,"lights":false,"linewidth":1,"map":null,"metalnessMap":null,"morphNormals":false,"morphTargets":false,"name":"","normalMap":null,"normalScale":null,"opacity":1,"polygonOffset":false,"polygonOffsetFactor":0,"polygonOffsetUnits":0,"precision":null,"premultipliedAlpha":false,"roughnessMap":null,"shadowSide":null,"side":1,"skinning":false,"transparent":false,"type":"ShaderMaterial","userData":{},"uuid":"44CD2C7B-C3D4-4C41-9428-35100BBA9B54","vertexColors":0,"visible":true,"wireframe":false,"wireframeLinewidth":1,"defines":{},"uniforms":{"topColor":{"type":"color","value":43775},"bottomColor":{"type":"color","value":16755200},"offset":{"value":33},"exponent":{"value":0.6}},"vertexShader":"varying vec3 vWorldPosition;\r\n\r\nvoid main() {\r\n\tvec4 worldPosition = modelMatrix * vec4(position, 1.0);\r\n\tvWorldPosition = worldPosition.xyz;\r\n\tgl_Position = projectionMatrix * modelViewMatrix * vec4(position, 1.0);\r\n}","fragmentShader":"uniform vec3 topColor;\r\nuniform vec3 bottomColor;\r\nuniform float offset;\r\nuniform float exponent;\r\n\r\nvarying vec3 vWorldPosition;\r\n\r\nvoid main() {\r\n\tfloat h = normalize(vWorldPosition + offset).y;\r\n\tgl_FragColor = vec4(mix(bottomColor, topColor, max(pow(max(h , 0.0), exponent), 0.0)), 1.0);\r\n}"}},{"_id":"5d7b8733c8b49a0cf886176f","metadata":{"generator":"SpotLightSerializer","type":"Object","version":"0.0.1"},"castShadow":true,"children":[],"frustumCulled":true,"layers":{"mask":1},"matrix":{"elements":[1,0,0,0,0,1,0,0,0,0,1,0,5,14.174707611619713,16.863643660374173,1]},"matrixAutoUpdate":true,"matrixWorld":{"elements":[1,0,0,0,0,1,0,0,0,0,1,0,5,14.174707611619713,16.863643660374173,1]},"matrixWorldNeedsUpdate":false,"modelViewMatrix":{"elements":[1,0,0,0,0,1,0,0,0,0,1,0,0,0,0,1]},"name":"聚光灯","normalMatrix":{"elements":[1,0,0,0,1,0,0,0,1]},"parent":"1CD9C665-D00E-4A4B-B9B8-5772EFD989CE","position":{"x":5,"y":14.174707611619713,"z":16.863643660374173},"quaternion":{"x":0,"y":0,"z":0,"w":1},"renderOrder":0,"rotation":{"x":0,"y":0,"z":0,"order":"XYZ"},"scale":{"x":1,"y":1,"z":1},"type":"SpotLight","up":{"x":0,"y":1,"z":0},"userData":{},"uuid":"A3BB5D32-D2B6-4043-BD57-3ECE359D0E16","visible":true,"isObject3D":true,"color":16777215,"intensity":1,"isLight":true,"shadow":{"metadata":{"generator":"SpotLightShadowSerializer","type":"Object","version":"0.0.1"},"bias":0,"camera":{"metadata":{"generator":"PerspectiveCameraSerializer","type":"Object","version":"0.0.1"},"castShadow":false,"children":[],"frustumCulled":true,"layers":{"mask":1},"matrix":{"elements":[0.95874598943234457,2.7755575615628914E-17,-0.28426418653674035,0,-0.17836984082141347,0.77863339092934047,-0.601593087073996,0,0.22133758748287269,0.62747911720620386,0.74651164079161214,0,5,14.174707611619713,16.863643660374173,1]},"matrixAutoUpdate":true,"matrixWorld":{"elements":[0.95874598943234457,2.7755575615628914E-17,-0.28426418653674035,0,-0.17836984082141347,0.77863339092934047,-0.601593087073996,0,0.22133758748287269,0.62747911720620386,0.74651164079161214,0,5,14.174707611619713,16.863643660374173,1]},"matrixWorldNeedsUpdate":false,"modelViewMatrix":{"elements":[1,0,0,0,0,1,0,0,0,0,1,0,0,0,0,1]},"name":"","normalMatrix":{"elements":[1,0,0,0,1,0,0,0,1]},"parent":null,"position":{"x":5,"y":14.174707611619713,"z":16.863643660374173},"quaternion":{"x":-0.32924191626803534,"y":0.13543980277727063,"z":0.0477814305717374,"w":0.93325921119929189},"receiveShadow":false,"renderOrder":0,"rotation":{"x":-0.69898122926267248,"y":0.22318586460987078,"z":0.18394193823640134,"order":"XYZ"},"scale":{"x":1,"y":1,"z":1},"type":"PerspectiveCamera","up":{"x":0,"y":1,"z":0},"userData":{},"uuid":"35DFC26E-5AC5-4A29-889A-14638C78D00C","visible":true,"isObject3D":true,"matrixWorldInverse":{"elements":[0.95874598943234446,-0.17836984082141349,0.22133758748287263,0,2.7755575615628907E-17,0.77863339092934036,0.62747911720620375,0,-0.28426418653674029,-0.601593087073996,0.74651164079161192,0,-1.3322676295501875E-15,-1.77635683940025E-15,-22.589927254840546,0.99999999999999978]},"projectionMatrix":{"elements":[3.077683537175254,0,0,0,0,3.077683537175254,0,0,0,0,-1.002002002002002,-1,0,0,-1.0010010010010011,0]},"aspect":1,"far":500,"filmGauge":35,"filmOffset":0,"focus":10,"fov":36,"near":0.5,"view":null,"zoom":1},"map":{"metadata":{"generator":"WebGLRenderTargetSerializer","type":"Object","version":"0.0.1"},"depthBuffer":true,"depthTexture":null,"height":512,"scissor":{"x":0,"y":0,"z":512,"w":512},"scissorTest":false,"stencilBuffer":true,"texture":{"metadata":{"generator":"TextureSerializer","type":"Object","version":"0.0.1"},"anisotropy":1,"center":{"x":0,"y":0},"encoding":3000,"flipY":true,"format":1023,"generateMipmaps":false,"image":null,"magFilter":1003,"mapping":300,"matrix":{"elements":[1,0,0,0,1,0,0,0,1]},"matrixAutoUpdate":true,"minFilter":1003,"mipmaps":[],"name":"聚光灯.shadowMap","offset":{"x":0,"y":0},"premultiplyAlpha":false,"repeat":{"x":1,"y":1},"rotation":0,"type":1009,"unpackAlignment":4,"uuid":"C603D006-D080-4BDC-BE15-B1D4AAFD84D6","version":0,"wrapS":1001,"wrapT":1001,"isTexture":true},"viewport":{"x":0,"y":0,"z":512,"w":512},"width":512,"isWebGLRenderTarget":true},"mapSize":{"x":512,"y":512},"matrix":{"elements":[1.3646895802629269,-0.38515175505375376,-0.22155914662950216,-0.22133758748287263,-0.31373955860310182,0.88445402577598531,-0.62810722443063449,-0.62747911720620375,-0.81069342395212651,-1.2990123904788442,-0.74725889969130332,-0.74651164079161192,11.294963627420271,11.29496362742027,22.112039294134682,22.589927254840546]},"radius":1,"isSpotLightShadow":true},"isSpotLight":true,"distance":0,"angle":0.31415926535897931,"penumbra":0,"decay":1}]}