{"Code":200,"Msg":"Get Successfully!","Data":[{"_id":"5d7b96eac8b49a0cf8861fbd","metadata":{"generator":"OptionsSerializer","type":"Object","version":"0.0.1"},"server":"http://localhost:2000","sceneType":"GIS","shadowMapType":2,"gammaInput":false,"gammaOutput":false,"gammaFactor":2,"hueRotate":0,"saturate":1,"brightness":1,"blur":0,"contrast":1,"grayscale":0,"invert":0,"sepia":0},{"_id":"5d7b96eac8b49a0cf8861fbe","metadata":{"generator":"PerspectiveCameraSerializer","type":"Object","version":"0.0.1"},"castShadow":false,"children":["848EBB7D-CF4C-470C-873A-AD72D515AA94"],"frustumCulled":true,"layers":{"mask":1},"matrix":{"elements":[-0.95314123354948732,0,0.30252568305478067,0,0.17855787434264014,0.80723961939514277,0.56256669150334782,0,-0.24421071724639676,0.59022385319367165,-0.7694133666003049,0,-4965450.8443589918,12000814.555752575,-15644212.071953813,1]},"matrixAutoUpdate":true,"matrixWorld":{"elements":[-0.95314123354948732,0,0.30252568305478067,0,0.17855787434264014,0.80723961939514277,0.56256669150334782,0,-0.24421071724639676,0.59022385319367165,-0.7694133666003049,0,-4965450.8443589918,12000814.555752575,-15644212.071953813,1]},"matrixWorldNeedsUpdate":false,"modelViewMatrix":{"elements":[1,0,0,0,0,1,0,0,0,0,1,0,0,0,0,1]},"name":"DefaultCamera","normalMatrix":{"elements":[1,0,0,0,1,0,0,0,1]},"parent":null,"position":{"x":-4965450.8443589918,"y":12000814.555752575,"z":-15644212.071953813},"quaternion":{"x":0.047519768664406749,"y":0.939387329532517,"z":0.30679319074664918,"w":-0.1455034529189517},"receiveShadow":false,"renderOrder":0,"rotation":{"x":-2.487231455468252,"y":-0.24670568233837648,"z":-2.9564029274436767,"order":"XYZ"},"scale":{"x":1,"y":1,"z":1},"type":"PerspectiveCamera","up":{"x":0,"y":1,"z":0},"userData":{"isDefault":true},"uuid":"1AC09A6F-1988-4EB5-86E1-5C397A14C0B1","visible":true,"isObject3D":true,"matrixWorldInverse":{"elements":[-0.95314123354948732,0.17855787434264014,-0.24421071724639679,0,-2.775557561562892E-17,0.80723961939514277,0.59022385319367188,0,0.30252568305478073,0.56256669150334782,-0.76941336660030524,0,4.6566128730773936E-10,0,-20332649.198802743,1]},"projectionMatrix":{"elements":[1.1615432125569514,0,0,0,0,2.1445069205095586,0,0,0,0,-1.0000000097196102,-1,0,0,-0.20000000097196105,0]},"aspect":1.8462566844919786,"far":20576957,"filmGauge":35,"filmOffset":0,"focus":10,"fov":50,"near":0.1,"view":null,"zoom":1},{"_id":"5d7b96eac8b49a0cf8861fbf","metadata":{"generator":"WebGLRendererSerializer","type":"Object","version":"0.0.1"},"antialias":true,"autoClear":false,"autoClearColor":true,"autoClearDepth":true,"autoClearStencil":true,"autoUpdateScene":false,"clippingPlanes":[],"gammaFactor":2,"gammaInput":false,"gammaOutput":false,"localClippingEnabled":false,"physicallyCorrectLights":false,"shadowMap":{"metadata":{"generator":"WebGLShadowMapSerializer","type":"Object","version":"0.0.1"},"autoUpdate":true,"enabled":true,"needsUpdate":false,"type":2},"sortObjects":true,"toneMapping":1,"toneMappingExposure":1,"toneMappingWhitePoint":1},{"_id":"5d7b96afc8b49a0cf8861fa3","metadata":{"generator":"AnimationSerializer","type":"Object","version":"0.0.1"},"id":null,"uuid":"C4A76168-1B25-45FE-B632-118DB4ABBDA9","layer":0,"layerName":"AnimLayer1","animations":[]},{"_id":"5d7b96afc8b49a0cf8861fa4","metadata":{"generator":"AnimationSerializer","type":"Object","version":"0.0.1"},"id":null,"uuid":"B87F3BF8-359E-444B-8FB3-BC34889974BB","layer":1,"layerName":"AnimLayer2","animations":[]},{"_id":"5d7b96afc8b49a0cf8861fa5","metadata":{"generator":"AnimationSerializer","type":"Object","version":"0.0.1"},"id":null,"uuid":"0C6DCD09-95FD-4778-92D5-59D8D55209CB","layer":2,"layerName":"AnimLayer3","animations":[]},{"_id":"5d7b96eac8b49a0cf8861fc0","metadata":{"generator":"AudioListenerSerializer","type":"Object","version":"0.0.1"},"castShadow":false,"children":[],"frustumCulled":true,"layers":{"mask":1},"matrix":{"elements":[1,0,0,0,0,1,0,0,0,0,1,0,0,0,0,1]},"matrixAutoUpdate":true,"matrixWorld":{"elements":[-0.95314123354948732,0,0.30252568305478067,0,0.17855787434264014,0.80723961939514277,0.56256669150334782,0,-0.24421071724639676,0.59022385319367165,-0.7694133666003049,0,-4965450.8443589918,12000814.555752575,-15644212.071953813,1]},"matrixWorldNeedsUpdate":false,"modelViewMatrix":{"elements":[1,0,0,0,0,1,0,0,0,0,1,0,0,0,0,1]},"name":"AudioListener","normalMatrix":{"elements":[1,0,0,0,1,0,0,0,1]},"parent":"1AC09A6F-1988-4EB5-86E1-5C397A14C0B1","position":{"x":0,"y":0,"z":0},"quaternion":{"x":0,"y":0,"z":0,"w":1},"receiveShadow":false,"renderOrder":0,"rotation":{"x":0,"y":0,"z":0,"order":"XYZ"},"scale":{"x":1,"y":1,"z":1},"type":"AudioListener","up":{"x":0,"y":1,"z":0},"userData":{},"uuid":"848EBB7D-CF4C-470C-873A-AD72D515AA94","visible":true,"isObject3D":true,"masterVolume":1},{"_id":"5d7b96eac8b49a0cf8861fc1","metadata":{"generator":"VisualSerializer","type":"Object","version":"0.0.1"},"data":[]},{"_id":"5d7b96eac8b49a0cf8861fc2","metadata":{"generator":"SceneSerializer","type":"Object","version":"0.0.1"},"castShadow":false,"children":["BEF43F4C-DCF3-4E69-9813-D3A9661E69F3","151C1550-AFE4-41FB-AD50-01FC0071DA87","D2B7E2EB-C0D9-4127-8AD3-0D697B0BE7F0"],"frustumCulled":true,"layers":{"mask":1},"matrix":{"elements":[1,0,0,0,0,1,0,0,0,0,1,0,0,0,0,1]},"matrixAutoUpdate":true,"matrixWorld":{"elements":[1,0,0,0,0,1,0,0,0,0,1,0,0,0,0,1]},"matrixWorldNeedsUpdate":false,"modelViewMatrix":{"elements":[1,0,0,0,0,1,0,0,0,0,1,0,0,0,0,1]},"name":"Scene","normalMatrix":{"elements":[1,0,0,0,1,0,0,0,1]},"parent":null,"position":{"x":0,"y":0,"z":0},"quaternion":{"x":0,"y":0,"z":0,"w":1},"receiveShadow":false,"renderOrder":0,"rotation":{"x":0,"y":0,"z":0,"order":"XYZ"},"scale":{"x":1,"y":1,"z":1},"type":"Scene","up":{"x":0,"y":1,"z":0},"userData":{"children":[{"uuid":"BEF43F4C-DCF3-4E69-9813-D3A9661E69F3","children":[]},{"uuid":"151C1550-AFE4-41FB-AD50-01FC0071DA87","children":[]},{"uuid":"D2B7E2EB-C0D9-4127-8AD3-0D697B0BE7F0","children":[]}]},"uuid":"94FFD2E1-1159-4B7C-825A-EEDC9775876B","visible":true,"isObject3D":true,"background":null,"fog":null,"overrideMaterial":null},{"_id":"5d7b96eac8b49a0cf8861fc3","metadata":{"generator":"AmbientLightSerializer","type":"Object","version":"0.0.1"},"children":[],"frustumCulled":true,"layers":{"mask":1},"matrix":{"elements":[1,0,0,0,0,1,0,0,0,0,1,0,0,0,0,1]},"matrixAutoUpdate":true,"matrixWorld":{"elements":[1,0,0,0,0,1,0,0,0,0,1,0,0,0,0,1]},"matrixWorldNeedsUpdate":false,"modelViewMatrix":{"elements":[1,0,0,0,0,1,0,0,0,0,1,0,0,0,0,1]},"name":"Ambient","normalMatrix":{"elements":[1,0,0,0,1,0,0,0,1]},"parent":"94FFD2E1-1159-4B7C-825A-EEDC9775876B","position":{"x":0,"y":0,"z":0},"quaternion":{"x":0,"y":0,"z":0,"w":1},"renderOrder":0,"rotation":{"x":0,"y":0,"z":0,"order":"XYZ"},"scale":{"x":1,"y":1,"z":1},"type":"AmbientLight","up":{"x":0,"y":1,"z":0},"userData":{},"uuid":"BEF43F4C-DCF3-4E69-9813-D3A9661E69F3","visible":true,"isObject3D":true,"color":16777215,"intensity":0.24,"isLight":true,"shadow":null,"isAmbientLight":true},{"_id":"5d7b96eac8b49a0cf8861fc4","metadata":{"generator":"DirectionalLightSerializer","type":"Object","version":"0.0.1"},"castShadow":true,"children":[],"frustumCulled":true,"layers":{"mask":1},"matrix":{"elements":[1,0,0,0,0,1,0,0,0,0,1,0,5,10,7.5,1]},"matrixAutoUpdate":true,"matrixWorld":{"elements":[1,0,0,0,0,1,0,0,0,0,1,0,5,10,7.5,1]},"matrixWorldNeedsUpdate":false,"modelViewMatrix":{"elements":[1,0,0,0,0,1,0,0,0,0,1,0,0,0,0,1]},"name":"Directional","normalMatrix":{"elements":[1,0,0,0,1,0,0,0,1]},"parent":"94FFD2E1-1159-4B7C-825A-EEDC9775876B","position":{"x":5,"y":10,"z":7.5},"quaternion":{"x":0,"y":0,"z":0,"w":1},"renderOrder":0,"rotation":{"x":0,"y":0,"z":0,"order":"XYZ"},"scale":{"x":1,"y":1,"z":1},"type":"DirectionalLight","up":{"x":0,"y":1,"z":0},"userData":{},"uuid":"151C1550-AFE4-41FB-AD50-01FC0071DA87","visible":true,"isObject3D":true,"color":16777215,"intensity":0.56,"isLight":true,"shadow":{"metadata":{"generator":"DirectionalLightShadowSerializer","type":"Object","version":"0.0.1"},"bias":0,"camera":{"metadata":{"generator":"OrthographicCameraSerializer","type":"Object","version":"0.0.1"},"castShadow":false,"children":[],"frustumCulled":true,"layers":{"mask":1},"matrix":{"elements":[0.83205029433784372,2.7755575615628914E-17,-0.554700196225229,0,-0.41202096209968375,0.66953406341198618,-0.61803144314952574,0,0.37139067635410372,0.74278135270820744,0.55708601453115558,0,5,10,7.5,1]},"matrixAutoUpdate":true,"matrixWorld":{"elements":[0.83205029433784372,2.7755575615628914E-17,-0.554700196225229,0,-0.41202096209968375,0.66953406341198618,-0.61803144314952574,0,0.37139067635410372,0.74278135270820744,0.55708601453115558,0,5,10,7.5,1]},"matrixWorldNeedsUpdate":false,"modelViewMatrix":{"elements":[1,0,0,0,0,1,0,0,0,0,1,0,0,0,0,1]},"name":"","normalMatrix":{"elements":[1,0,0,0,1,0,0,0,1]},"parent":null,"position":{"x":5,"y":10,"z":7.5},"quaternion":{"x":-0.38904698186552672,"y":0.26476298577359092,"z":0.1177939480420426,"w":0.87445273918619892},"receiveShadow":false,"renderOrder":0,"rotation":{"x":-0.92729521800161219,"y":0.3805063771123649,"z":0.45979025757734426,"order":"XYZ"},"scale":{"x":1,"y":1,"z":1},"type":"OrthographicCamera","up":{"x":0,"y":1,"z":0},"userData":{},"uuid":"E5570655-C685-45CE-9965-0DF37D102256","visible":true,"isObject3D":true,"matrixWorldInverse":{"elements":[0.83205029433784372,-0.41202096209968375,0.37139067635410367,0,-5.5511151231257827E-17,0.66953406341198618,0.74278135270820744,0,-0.55470019622522915,-0.61803144314952574,0.55708601453115558,0,0,0,-13.46291201783626,1]},"projectionMatrix":{"elements":[0.05,0,0,0,0,0.05,0,0,0,0,-0.0040008001600320064,0,0,0,-1.0004000800160033,1]},"bottom":-20,"far":500,"left":-20,"near":0.1,"right":20,"top":20,"view":null,"zoom":1},"map":{"metadata":{"generator":"WebGLRenderTargetSerializer","type":"Object","version":"0.0.1"},"depthBuffer":true,"depthTexture":null,"height":2048,"scissor":{"x":0,"y":0,"z":2048,"w":2048},"scissorTest":false,"stencilBuffer":true,"texture":{"metadata":{"generator":"TextureSerializer","type":"Object","version":"0.0.1"},"anisotropy":1,"center":{"x":0,"y":0},"encoding":3000,"flipY":true,"format":1023,"generateMipmaps":false,"image":null,"magFilter":1003,"mapping":300,"matrix":{"elements":[1,0,0,0,1,0,0,0,1]},"matrixAutoUpdate":true,"minFilter":1003,"mipmaps":[],"name":"Directional.shadowMap","offset":{"x":0,"y":0},"premultiplyAlpha":false,"repeat":{"x":1,"y":1},"rotation":0,"type":1009,"unpackAlignment":4,"uuid":"84909FB9-EA64-485A-8830-5C29A5C334E5","version":0,"wrapS":1001,"wrapT":1001,"isTexture":true},"viewport":{"x":0,"y":0,"z":2048,"w":2048},"width":2048,"isWebGLRenderTarget":true},"mapSize":{"x":2048,"y":2048},"matrix":{"elements":[0.020801257358446096,-0.010300524052492094,-0.00074292993869594652,0,-1.3877787807814458E-18,0.016738351585299655,-0.0014858598773918933,0,-0.013867504905630729,-0.015450786078738144,-0.00111439490804392,0,0.5,0.5,0.0267311702697264,1]},"radius":0},"isDirectionalLight":true},{"_id":"5d7b96eac8b49a0cf8861fc5","metadata":{"generator":"GlobeSerializer","type":"Object","version":"0.0.1"},"castShadow":false,"children":[],"frustumCulled":true,"layers":{"mask":1},"matrix":{"elements":[1,0,0,0,0,1,0,0,0,0,1,0,0,0,0,1]},"matrixAutoUpdate":false,"matrixWorld":{"elements":[1,0,0,0,0,1,0,0,0,0,1,0,0,0,0,1]},"matrixWorldNeedsUpdate":false,"modelViewMatrix":{"elements":[1,0,0,0,0,1,0,0,0,0,1,0,0,0,0,1]},"name":"Globe","normalMatrix":{"elements":[1,0,0,0,1,0,0,0,1]},"parent":"94FFD2E1-1159-4B7C-825A-EEDC9775876B","position":{"x":0,"y":0,"z":0},"quaternion":{"x":0,"y":0,"z":0,"w":1},"receiveShadow":false,"renderOrder":0,"rotation":{"x":0,"y":0,"z":0,"order":"XYZ"},"scale":{"x":1,"y":1,"z":1},"type":"Object3D","up":{"x":0,"y":1,"z":0},"userData":{"type":"Globe","background":"google"},"uuid":"D2B7E2EB-C0D9-4127-8AD3-0D697B0BE7F0","visible":true,"isObject3D":true}]}