{"Code":200,"Msg":"Get Successfully!","Data":[{"_id":"5d7b08c1c8b49a1a38e73606","metadata":{"generator":"OptionsSerializer","type":"Object","version":"0.0.1"},"server":"http://localhost:2000","sceneType":"Empty","shadowMapType":2,"gammaInput":false,"gammaOutput":false,"gammaFactor":2,"hueRotate":0,"saturate":1,"brightness":1,"blur":0,"contrast":1,"grayscale":0,"invert":0,"sepia":0},{"_id":"5d7b08c1c8b49a1a38e73607","metadata":{"generator":"PerspectiveCameraSerializer","type":"Object","version":"0.0.1"},"castShadow":false,"children":["4E74CDF1-D0DA-4FF3-A668-37511C32FDAC"],"frustumCulled":true,"layers":{"mask":1},"matrix":{"elements":[0.99998542995134843,0,-0.0053981371802542229,0,-0.0011244340771062926,0.978064899555766,-0.20829735453187018,0,0.005279728498993593,0.20830038947867904,0.97805064910259509,0,0.8760841212588667,34.564024212436991,162.291421543559,1]},"matrixAutoUpdate":true,"matrixWorld":{"elements":[0.99998542995134843,0,-0.0053981371802542229,0,-0.0011244340771062926,0.978064899555766,-0.20829735453187018,0,0.005279728498993593,0.20830038947867904,0.97805064910259509,0,0.8760841212588667,34.564024212436991,162.291421543559,1]},"matrixWorldNeedsUpdate":false,"modelViewMatrix":{"elements":[1,0,0,0,0,1,0,0,0,0,1,0,0,0,0,1]},"name":"DefaultCamera","normalMatrix":{"elements":[1,0,0,0,1,0,0,0,1]},"parent":null,"position":{"x":0.8760841212588667,"y":34.564024212436991,"z":162.291421543559},"quaternion":{"x":-0.10472569084635745,"y":0.002684236475355279,"z":0.00028266388195602178,"w":0.99449748348219946},"receiveShadow":false,"renderOrder":0,"rotation":{"x":-0.20983987787044453,"y":0.00527975302850898,"z":0.0011244499864903627,"order":"XYZ"},"scale":{"x":1,"y":1,"z":1},"type":"PerspectiveCamera","up":{"x":0,"y":1,"z":0},"userData":{"isDefault":true,"control":"OrbitControls"},"uuid":"3F28DF86-847C-4D13-9BD9-345B567D16E3","visible":true,"isObject3D":true,"matrixWorldInverse":{"elements":[0.99998542995134843,-0.0011244340771062928,0.005279728498993593,0,-2.1684043449710089E-19,0.978064899555766,0.20830038947867904,0,-0.0053981371802542238,-0.2082973545318702,0.97805064910259509,0,6.9388939039072284E-18,1.4210854715202004E-14,-165.93355537616443,1]},"projectionMatrix":{"elements":[1.1615432125569514,0,0,0,0,2.1445069205095586,0,0,0,0,-1.0000200002000021,-1,0,0,-0.20000200002000021,0]},"aspect":1.8462566844919786,"far":10000,"filmGauge":35,"filmOffset":0,"focus":10,"fov":50,"near":0.1,"view":null,"zoom":1},{"_id":"5d7b08c1c8b49a1a38e73608","metadata":{"generator":"WebGLRendererSerializer","type":"Object","version":"0.0.1"},"antialias":true,"autoClear":false,"autoClearColor":true,"autoClearDepth":true,"autoClearStencil":true,"autoUpdateScene":false,"clippingPlanes":[],"gammaFactor":2,"gammaInput":false,"gammaOutput":false,"localClippingEnabled":false,"physicallyCorrectLights":false,"shadowMap":{"metadata":{"generator":"WebGLShadowMapSerializer","type":"Object","version":"0.0.1"},"autoUpdate":true,"enabled":true,"needsUpdate":false,"type":2},"sortObjects":true,"toneMapping":1,"toneMappingExposure":1,"toneMappingWhitePoint":1},{"_id":"5d7b08c1c8b49a1a38e73609","metadata":{"generator":"AnimationSerializer","type":"Object","version":"0.0.1"},"id":null,"uuid":"D862FB16-368A-4C6C-9C19-AEF4844D825A","layer":0,"layerName":"AnimLayer1","animations":[]},{"_id":"5d7b08c1c8b49a1a38e7360a","metadata":{"generator":"AnimationSerializer","type":"Object","version":"0.0.1"},"id":null,"uuid":"6C328C98-B889-491E-A79B-AD15A4121E59","layer":1,"layerName":"AnimLayer2","animations":[]},{"_id":"5d7b08c1c8b49a1a38e7360b","metadata":{"generator":"AnimationSerializer","type":"Object","version":"0.0.1"},"id":null,"uuid":"ED38BE3B-A54B-41B0-A9FC-B8BE5B90ED20","layer":2,"layerName":"AnimLayer3","animations":[]},{"_id":"5d7b08c1c8b49a1a38e7360c","metadata":{"generator":"AudioListenerSerializer","type":"Object","version":"0.0.1"},"castShadow":false,"children":[],"frustumCulled":true,"layers":{"mask":1},"matrix":{"elements":[1,0,0,0,0,1,0,0,0,0,1,0,0,0,0,1]},"matrixAutoUpdate":true,"matrixWorld":{"elements":[0.99998542995134843,0,-0.0053981371802542229,0,-0.0011244340771062926,0.978064899555766,-0.20829735453187018,0,0.005279728498993593,0.20830038947867904,0.97805064910259509,0,0.8760841212588667,34.564024212436991,162.291421543559,1]},"matrixWorldNeedsUpdate":false,"modelViewMatrix":{"elements":[1,0,0,0,0,1,0,0,0,0,1,0,0,0,0,1]},"name":"AudioListener","normalMatrix":{"elements":[1,0,0,0,1,0,0,0,1]},"parent":"3F28DF86-847C-4D13-9BD9-345B567D16E3","position":{"x":0,"y":0,"z":0},"quaternion":{"x":0,"y":0,"z":0,"w":1},"receiveShadow":false,"renderOrder":0,"rotation":{"x":0,"y":0,"z":0,"order":"XYZ"},"scale":{"x":1,"y":1,"z":1},"type":"AudioListener","up":{"x":0,"y":1,"z":0},"userData":{},"uuid":"4E74CDF1-D0DA-4FF3-A668-37511C32FDAC","visible":true,"isObject3D":true,"masterVolume":1},{"_id":"5d7b08c1c8b49a1a38e7360d","metadata":{"generator":"VisualSerializer","type":"Object","version":"0.0.1"},"data":[]},{"_id":"5d7b08c1c8b49a1a38e7360e","metadata":{"generator":"SceneSerializer","type":"Object","version":"0.0.1"},"castShadow":false,"children":["2D7E4189-3A49-4F34-87DD-1C5E72D946D3","941EF9C7-0FA8-4B13-BB23-B84AE38D05A8","EE704BDB-67FE-4826-9D91-807275E48D6E"],"frustumCulled":true,"layers":{"mask":1},"matrix":{"elements":[1,0,0,0,0,1,0,0,0,0,1,0,0,0,0,1]},"matrixAutoUpdate":true,"matrixWorld":{"elements":[1,0,0,0,0,1,0,0,0,0,1,0,0,0,0,1]},"matrixWorldNeedsUpdate":false,"modelViewMatrix":{"elements":[1,0,0,0,0,1,0,0,0,0,1,0,0,0,0,1]},"name":"Scene","normalMatrix":{"elements":[1,0,0,0,1,0,0,0,1]},"parent":null,"position":{"x":0,"y":0,"z":0},"quaternion":{"x":0,"y":0,"z":0,"w":1},"receiveShadow":false,"renderOrder":0,"rotation":{"x":0,"y":0,"z":0,"order":"XYZ"},"scale":{"x":1,"y":1,"z":1},"type":"Scene","up":{"x":0,"y":1,"z":0},"userData":{"children":[{"uuid":"2D7E4189-3A49-4F34-87DD-1C5E72D946D3","children":[]},{"uuid":"941EF9C7-0FA8-4B13-BB23-B84AE38D05A8","children":[]},{"uuid":"EE704BDB-67FE-4826-9D91-807275E48D6E","children":[{"uuid":"0C28ED64-6E2A-4211-9B3C-A6944B17A7E8","children":[]}]}]},"uuid":"B5E1711B-618E-40F2-A83E-179DF3F1D896","visible":true,"isObject3D":true,"background":11184810,"fog":null,"overrideMaterial":null},{"_id":"5d7b08c1c8b49a1a38e7360f","metadata":{"generator":"AmbientLightSerializer","type":"Object","version":"0.0.1"},"children":[],"frustumCulled":true,"layers":{"mask":1},"matrix":{"elements":[1,0,0,0,0,1,0,0,0,0,1,0,0,0,0,1]},"matrixAutoUpdate":true,"matrixWorld":{"elements":[1,0,0,0,0,1,0,0,0,0,1,0,0,0,0,1]},"matrixWorldNeedsUpdate":false,"modelViewMatrix":{"elements":[1,0,0,0,0,1,0,0,0,0,1,0,0,0,0,1]},"name":"Ambient","normalMatrix":{"elements":[1,0,0,0,1,0,0,0,1]},"parent":"B5E1711B-618E-40F2-A83E-179DF3F1D896","position":{"x":0,"y":0,"z":0},"quaternion":{"x":0,"y":0,"z":0,"w":1},"renderOrder":0,"rotation":{"x":0,"y":0,"z":0,"order":"XYZ"},"scale":{"x":1,"y":1,"z":1},"type":"AmbientLight","up":{"x":0,"y":1,"z":0},"userData":{},"uuid":"2D7E4189-3A49-4F34-87DD-1C5E72D946D3","visible":true,"isObject3D":true,"color":16777215,"intensity":0,"isLight":true,"shadow":null,"isAmbientLight":true},{"_id":"5d7b08c1c8b49a1a38e73610","metadata":{"generator":"DirectionalLightSerializer","type":"Object","version":"0.0.1"},"castShadow":true,"children":[],"frustumCulled":true,"layers":{"mask":1},"matrix":{"elements":[1,0,0,0,0,1,0,0,0,0,1,0,-10.327833334153219,38.120493385805766,39.954682968921844,1]},"matrixAutoUpdate":true,"matrixWorld":{"elements":[1,0,0,0,0,1,0,0,0,0,1,0,-10.327833334153219,38.120493385805766,39.954682968921844,1]},"matrixWorldNeedsUpdate":false,"modelViewMatrix":{"elements":[1,0,0,0,0,1,0,0,0,0,1,0,0,0,0,1]},"name":"Directional","normalMatrix":{"elements":[1,0,0,0,1,0,0,0,1]},"parent":"B5E1711B-618E-40F2-A83E-179DF3F1D896","position":{"x":-10.327833334153219,"y":38.120493385805766,"z":39.954682968921844},"quaternion":{"x":0,"y":0,"z":0,"w":1},"renderOrder":0,"rotation":{"x":0,"y":0,"z":0,"order":"XYZ"},"scale":{"x":1,"y":1,"z":1},"type":"DirectionalLight","up":{"x":0,"y":1,"z":0},"userData":{},"uuid":"941EF9C7-0FA8-4B13-BB23-B84AE38D05A8","visible":true,"isObject3D":true,"color":16777215,"intensity":0.66,"isLight":true,"shadow":{"metadata":{"generator":"DirectionalLightShadowSerializer","type":"Object","version":"0.0.1"},"bias":0,"camera":{"metadata":{"generator":"OrthographicCameraSerializer","type":"Object","version":"0.0.1"},"castShadow":false,"children":[],"frustumCulled":true,"layers":{"mask":1},"matrix":{"elements":[0.96817788556748907,-2.7755575615628914E-17,0.250263025431377,0,0.16981344074778174,0.73456357436855169,-0.65694729663215512,0,-0.18383410249316004,0.67853987002304972,0.71118820824704143,0,-10.327833334153219,38.120493385805766,39.954682968921844,1]},"matrixAutoUpdate":true,"matrixWorld":{"elements":[0.96817788556748907,-2.7755575615628914E-17,0.250263025431377,0,0.16981344074778174,0.73456357436855169,-0.65694729663215512,0,-0.18383410249316004,0.67853987002304972,0.71118820824704143,0,-10.327833334153219,38.120493385805766,39.954682968921844,1]},"matrixWorldNeedsUpdate":false,"modelViewMatrix":{"elements":[1,0,0,0,0,1,0,0,0,0,1,0,0,0,0,1]},"name":"","normalMatrix":{"elements":[1,0,0,0,1,0,0,0,1]},"parent":null,"position":{"x":-10.327833334153219,"y":38.120493385805766,"z":39.954682968921844},"quaternion":{"x":-0.36139524863779543,"y":-0.11747072034556232,"z":-0.045953096497952747,"w":0.9238411211056643},"receiveShadow":false,"renderOrder":0,"rotation":{"x":-0.76190987494197626,"y":-0.18488561838903192,"z":-0.17362878357761341,"order":"XYZ"},"scale":{"x":1,"y":1,"z":1},"type":"OrthographicCamera","up":{"x":0,"y":1,"z":0},"userData":{},"uuid":"E68C2EE1-C5B5-476A-B1AB-053365D7ADEA","visible":true,"isObject3D":true,"matrixWorldInverse":{"elements":[0.96817788556748907,0.16981344074778176,-0.18383410249316004,0,-1.3877787807814457E-17,0.73456357436855169,0.67853987002304972,0,0.250263025431377,-0.65694729663215512,0.71118820824704143,0,3.5527136788005009E-15,-1.0658141036401503E-14,-56.180181990648279,1]},"projectionMatrix":{"elements":[0.05,0,0,0,0,0.05,0,0,0,0,-0.0040008001600320064,0,0,0,-1.0004000800160033,1]},"bottom":-20,"far":500,"left":-20,"near":0.1,"right":20,"top":20,"view":null,"zoom":1},"map":{"metadata":{"generator":"WebGLRenderTargetSerializer","type":"Object","version":"0.0.1"},"depthBuffer":true,"depthTexture":null,"height":2048,"scissor":{"x":0,"y":0,"z":2048,"w":2048},"scissorTest":false,"stencilBuffer":true,"texture":{"metadata":{"generator":"TextureSerializer","type":"Object","version":"0.0.1"},"anisotropy":1,"center":{"x":0,"y":0},"encoding":3000,"flipY":true,"format":1023,"generateMipmaps":false,"image":null,"magFilter":1003,"mapping":300,"matrix":{"elements":[1,0,0,0,1,0,0,0,1]},"matrixAutoUpdate":true,"minFilter":1003,"mipmaps":[],"name":"Directional.shadowMap","offset":{"x":0,"y":0},"premultiplyAlpha":false,"repeat":{"x":1,"y":1},"rotation":0,"type":1009,"unpackAlignment":4,"uuid":"ED8AEBEE-280A-4A37-8A3E-36BCC209086A","version":0,"wrapS":1001,"wrapT":1001,"isTexture":true},"viewport":{"x":0,"y":0,"z":2048,"w":2048},"width":2048,"isWebGLRenderTarget":true},"mapSize":{"x":2048,"y":2048},"matrix":{"elements":[0.024204447139187228,0.0042453360186945439,0.00036774175333698745,0,-3.4694469519536144E-19,0.018364089359213794,-0.001357351210288157,0,0.0062565756357844254,-0.016423682415803879,-0.0014226609486838197,0,0.50000000000000011,0.49999999999999972,0.11218280054140477,1]},"radius":0},"isDirectionalLight":true},{"_id":"5d7b08c1c8b49a1a38e73611","metadata":{"generator":"ServerObject","type":"Object","version":"0.0.1"},"castShadow":false,"children":["0C28ED64-6E2A-4211-9B3C-A6944B17A7E8"],"frustumCulled":true,"layers":{"mask":1},"matrix":{"elements":[1,0,0,0,0,1,0,0,0,0,1,0,0,0,0,1]},"matrixAutoUpdate":true,"matrixWorld":{"elements":[1,0,0,0,0,1,0,0,0,0,1,0,0,0,0,1]},"matrixWorldNeedsUpdate":false,"modelViewMatrix":{"elements":[1,0,0,0,0,1,0,0,0,0,1,0,0,0,0,1]},"name":"skull","normalMatrix":{"elements":[1,0,0,0,1,0,0,0,1]},"parent":"B5E1711B-618E-40F2-A83E-179DF3F1D896","position":{"x":0,"y":0,"z":0},"quaternion":{"x":0,"y":0,"z":0,"w":1},"receiveShadow":false,"renderOrder":0,"rotation":{"x":0,"y":0,"z":0,"order":"XYZ"},"scale":{"x":1,"y":1,"z":1},"type":"Object3D","up":{"x":0,"y":1,"z":0},"userData":{"_children":[{"uuid":"2FFC4B19-A4F8-44E4-ADF7-AC6AAFFB6956","children":[]},{"uuid":"0C28ED64-6E2A-4211-9B3C-A6944B17A7E8","children":[]}],"physics":{"enabled":false,"type":"rigidBody","shape":"btBoxShape","mass":1,"inertia":{"x":0,"y":0,"z":0}},"ID":"5d7b080ec8b49a1a38e73603","Name":"skull","CategoryID":"","CategoryName":"","TotalPinYin":"skull","FirstPinYin":"skull","Type":"babylon","Url":"/Upload/Model/20190913110758/skull.babylon","FileName":null,"FileSize":0,"FileType":null,"SaveName":null,"SavePath":null,"AddTime":"0001-01-01 00:00:00","Thumbnail":"","id":"5d7b080ec8b49a1a38e73603","src":null,"title":"skull","icon":"model","cornerText":"babylon","Server":true,"children":[{"uuid":"0C28ED64-6E2A-4211-9B3C-A6944B17A7E8","children":[]}]},"uuid":"EE704BDB-67FE-4826-9D91-807275E48D6E","visible":true,"isObject3D":true},{"_id":"5d7b08c1c8b49a1a38e73612","metadata":{"generator":"MeshSerializer","type":"Object","version":"0.0.1"},"castShadow":false,"children":[],"frustumCulled":true,"layers":{"mask":1},"matrix":{"elements":[1,0,0,0,0,1,0,0,0,0,1,0,5.0469,4.336,-70.2756,1]},"matrixAutoUpdate":true,"matrixWorld":{"elements":[1,0,0,0,0,1,0,0,0,0,1,0,5.0469,4.336,-70.2756,1]},"matrixWorldNeedsUpdate":false,"modelViewMatrix":{"elements":[0.99998542995134843,-0.0011244340771062928,0.005279728498993593,0,-2.1684043449710089E-19,0.978064899555766,0.20830038947867904,0,-0.0053981371802542238,-0.2082973545318702,0.97805064910259509,0,5.4261837956461338,18.873436066269967,-233.73681482169764,1]},"name":"test","normalMatrix":{"elements":[0.99998542995134843,-0.0011244340771062928,0.0052797284989935939,-2.1684043449710089E-19,0.978064899555766,0.20830038947867907,-0.0053981371802542238,-0.2082973545318702,0.97805064910259509]},"parent":"23890D6C-1741-4E4B-8B8B-3C810C6A73CC","position":{"x":5.0469,"y":4.336,"z":-70.2756},"quaternion":{"x":0,"y":0,"z":0,"w":1},"receiveShadow":false,"renderOrder":0,"rotation":{"x":0,"y":0,"z":0,"order":"XYZ"},"scale":{"x":1,"y":1,"z":1},"type":"Mesh","up":{"x":0,"y":1,"z":0},"userData":{},"uuid":"0C28ED64-6E2A-4211-9B3C-A6944B17A7E8","visible":true,"isObject3D":true,"drawMode":0,"geometry":{"metadata":{"generator":"BufferGeometrySerializer","type":"Object","version":"0.0.1"},"boundingBox":null,"boundingSphere":{"center":{"x":0,"y":-0.011849403381347656,"z":-0.003650665283203125},"radius":40.968182061340833},"drawRange":{"start":0,"count":null},"groups":[{"start":0,"count":224994,"materialIndex":0}],"morphAttributes":{},"name":"","type":"BufferGeometry","userData":{},"uuid":"A2CAF681-DC45-4817-ACD9-9E20EA8CED42"},"material":{"metadata":{"generator":"MeshPhongMaterialSerializer","type":"Object","version":"0.0.1"},"alphaMap":null,"alphaTest":0,"aoMap":null,"aoMapIntensity":1,"blendDst":205,"blendDstAlpha":null,"blendEquation":100,"blendEquationAlpha":null,"blendSrc":204,"blendSrcAlpha":null,"blending":1,"bumpMap":null,"bumpScale":1,"clipIntersection":false,"clippingPlanes":null,"color":9710983,"colorWrite":true,"depthFunc":3,"depthTest":true,"depthWrite":true,"displacementBias":0,"displacementMap":null,"displacementScale":1,"dithering":false,"emissive":9710983,"emissiveIntensity":1,"emissiveMap":null,"envMap":null,"flatShading":false,"fog":true,"lightMap":null,"lightMapIntensity":1,"lights":true,"map":null,"metalnessMap":null,"morphNormals":false,"morphTargets":false,"name":"","normalMap":null,"normalScale":{"x":1,"y":1},"opacity":1,"polygonOffset":false,"polygonOffsetFactor":0,"polygonOffsetUnits":0,"precision":null,"premultipliedAlpha":false,"refractionRatio":0.98,"roughnessMap":null,"shadowSide":null,"side":0,"skinning":false,"transparent":false,"type":"MeshPhongMaterial","userData":{},"uuid":"7A2D3041-633B-4131-844E-8F126DB0F415","vertexColors":0,"visible":true,"wireframe":false,"wireframeLinecap":"round","wireframeLinejoin":"round","wireframeLinewidth":1,"specular":9710983,"shininess":null}}]}