{"Code":200,"Msg":"Get Successfully!","Data":[{"_id":"5d7b88ecc8b49a0cf88617bb","metadata":{"generator":"OptionsSerializer","type":"Object","version":"0.0.1"},"server":"http://localhost:2000","sceneType":"Empty","shadowMapType":2,"gammaInput":false,"gammaOutput":false,"gammaFactor":2,"hueRotate":0,"saturate":1,"brightness":1,"blur":0,"contrast":1,"grayscale":0,"invert":0,"sepia":0},{"_id":"5d7b88ecc8b49a0cf88617bc","metadata":{"generator":"PerspectiveCameraSerializer","type":"Object","version":"0.0.1"},"castShadow":false,"children":["D2487BED-B67B-42E5-859E-ED4AFB574952"],"frustumCulled":true,"layers":{"mask":1},"matrix":{"elements":[0.99956189762756376,-4.3368086899420177E-19,0.02959751359799918,0,0.0071743811004672375,0.97017687071376435,-0.24229190615427718,0,-0.028714823123414935,0.24239810133754722,0.96975183392502184,0,-0.68538223302257051,15.644288450780365,30.481524994145577,1]},"matrixAutoUpdate":true,"matrixWorld":{"elements":[0.99956189762756376,-4.3368086899420177E-19,0.02959751359799918,0,0.0071743811004672375,0.97017687071376435,-0.24229190615427718,0,-0.028714823123414935,0.24239810133754722,0.96975183392502184,0,-0.68538223302257051,15.644288450780365,30.481524994145577,1]},"matrixWorldNeedsUpdate":false,"modelViewMatrix":{"elements":[1,0,0,0,0,1,0,0,0,0,1,0,0,0,0,1]},"name":"DefaultCamera","normalMatrix":{"elements":[1,0,0,0,1,0,0,0,1]},"parent":null,"position":{"x":-0.68538223302257051,"y":15.644288450780365,"z":30.481524994145577},"quaternion":{"x":-0.12209954237094581,"y":-0.01468961504923383,"z":-0.0018073173278213047,"w":0.99240750227242214},"receiveShadow":false,"renderOrder":0,"rotation":{"x":-0.24493998006663409,"y":-0.028718770680121783,"z":-0.00717740234070716,"order":"XYZ"},"scale":{"x":1,"y":1,"z":1},"type":"PerspectiveCamera","up":{"x":0,"y":1,"z":0},"userData":{"isDefault":true,"control":"OrbitControls"},"uuid":"E9E44921-5A3D-4311-BC44-320E2BBFF38A","visible":true,"isObject3D":true,"matrixWorldInverse":{"elements":[0.99956189762756376,0.0071743811004672375,-0.028714823123414931,0,0,0.97017687071376435,0.24239810133754719,0,0.029597513597999184,-0.2422919061542772,0.96975183392502184,0,-0.21709538506171797,-7.7873828270616094,-33.371341210743317,1]},"projectionMatrix":{"elements":[1.1615432125569514,0,0,0,0,2.1445069205095586,0,0,0,0,-1.0000200002000021,-1,0,0,-0.20000200002000021,0]},"aspect":1.8462566844919786,"far":10000,"filmGauge":35,"filmOffset":0,"focus":10,"fov":50,"near":0.1,"view":null,"zoom":1},{"_id":"5d7b88ecc8b49a0cf88617bd","metadata":{"generator":"WebGLRendererSerializer","type":"Object","version":"0.0.1"},"antialias":true,"autoClear":false,"autoClearColor":true,"autoClearDepth":true,"autoClearStencil":true,"autoUpdateScene":false,"clippingPlanes":[],"gammaFactor":2,"gammaInput":false,"gammaOutput":false,"localClippingEnabled":false,"physicallyCorrectLights":false,"shadowMap":{"metadata":{"generator":"WebGLShadowMapSerializer","type":"Object","version":"0.0.1"},"autoUpdate":true,"enabled":true,"needsUpdate":false,"type":2},"sortObjects":true,"toneMapping":1,"toneMappingExposure":1,"toneMappingWhitePoint":1},{"_id":"5d7b88ecc8b49a0cf88617be","metadata":{"generator":"ScriptSerializer","type":"Object","version":"0.0.1"},"id":null,"name":"AnnieAnimation","type":"javascript","source":"var mesh = this.getObjectByName('Annie');\nvar model = mesh.userData.model;\n\n// animNames: attack1,attack2,channel,channel_wndup,crit,death,run,spell1,spell2,spell3,spell4,dance,joke,taunt,laugh,recall,idle1\nmodel.setAnimation('attack1');\n\nfunction update(clock, deltaTime) { \n    model.update(clock.getElapsedTime() * 1000); \n}","uuid":"E60C4928-979C-4D46-B203-1D97E08E52A1"},{"_id":"5d7b88ecc8b49a0cf88617bf","metadata":{"generator":"AnimationSerializer","type":"Object","version":"0.0.1"},"id":null,"uuid":"FEA84BFC-A407-413C-B6C7-0C5B68E47853","layer":0,"layerName":"AnimLayer1","animations":[]},{"_id":"5d7b88ecc8b49a0cf88617c0","metadata":{"generator":"AnimationSerializer","type":"Object","version":"0.0.1"},"id":null,"uuid":"FAB84875-90B5-49EE-8E3B-CF5CAF3F9665","layer":1,"layerName":"AnimLayer2","animations":[]},{"_id":"5d7b88ecc8b49a0cf88617c1","metadata":{"generator":"AnimationSerializer","type":"Object","version":"0.0.1"},"id":null,"uuid":"CD6974DE-9776-45F7-988D-65C5FC687D4C","layer":2,"layerName":"AnimLayer3","animations":[]},{"_id":"5d7b88ecc8b49a0cf88617c2","metadata":{"generator":"AudioListenerSerializer","type":"Object","version":"0.0.1"},"castShadow":false,"children":[],"frustumCulled":true,"layers":{"mask":1},"matrix":{"elements":[1,0,0,0,0,1,0,0,0,0,1,0,0,0,0,1]},"matrixAutoUpdate":true,"matrixWorld":{"elements":[0.99956189762756376,-4.3368086899420177E-19,0.02959751359799918,0,0.0071743811004672375,0.97017687071376435,-0.24229190615427718,0,-0.028714823123414935,0.24239810133754722,0.96975183392502184,0,-0.68538223302257051,15.644288450780365,30.481524994145577,1]},"matrixWorldNeedsUpdate":false,"modelViewMatrix":{"elements":[1,0,0,0,0,1,0,0,0,0,1,0,0,0,0,1]},"name":"AudioListener","normalMatrix":{"elements":[1,0,0,0,1,0,0,0,1]},"parent":"E9E44921-5A3D-4311-BC44-320E2BBFF38A","position":{"x":0,"y":0,"z":0},"quaternion":{"x":0,"y":0,"z":0,"w":1},"receiveShadow":false,"renderOrder":0,"rotation":{"x":0,"y":0,"z":0,"order":"XYZ"},"scale":{"x":1,"y":1,"z":1},"type":"AudioListener","up":{"x":0,"y":1,"z":0},"userData":{},"uuid":"D2487BED-B67B-42E5-859E-ED4AFB574952","visible":true,"isObject3D":true,"masterVolume":1},{"_id":"5d7b88ecc8b49a0cf88617c3","metadata":{"generator":"VisualSerializer","type":"Object","version":"0.0.1"},"data":[]},{"_id":"5d7b88ecc8b49a0cf88617c4","metadata":{"generator":"SceneSerializer","type":"Object","version":"0.0.1"},"castShadow":false,"children":["C3AE40EB-A222-4FF6-8471-52FF01B01B09","A620E1A5-A323-4D7E-BF51-327BF7A79DF9","E9D79BB8-A0E7-4DF0-A134-5479575D6222"],"frustumCulled":true,"layers":{"mask":1},"matrix":{"elements":[1,0,0,0,0,1,0,0,0,0,1,0,0,0,0,1]},"matrixAutoUpdate":true,"matrixWorld":{"elements":[1,0,0,0,0,1,0,0,0,0,1,0,0,0,0,1]},"matrixWorldNeedsUpdate":false,"modelViewMatrix":{"elements":[1,0,0,0,0,1,0,0,0,0,1,0,0,0,0,1]},"name":"Scene","normalMatrix":{"elements":[1,0,0,0,1,0,0,0,1]},"parent":null,"position":{"x":0,"y":0,"z":0},"quaternion":{"x":0,"y":0,"z":0,"w":1},"receiveShadow":false,"renderOrder":0,"rotation":{"x":0,"y":0,"z":0,"order":"XYZ"},"scale":{"x":1,"y":1,"z":1},"type":"Scene","up":{"x":0,"y":1,"z":0},"userData":{"children":[{"uuid":"C3AE40EB-A222-4FF6-8471-52FF01B01B09","children":[]},{"uuid":"A620E1A5-A323-4D7E-BF51-327BF7A79DF9","children":[]},{"uuid":"E9D79BB8-A0E7-4DF0-A134-5479575D6222","children":[]}]},"uuid":"1E5ED84D-154A-4C9D-9E95-BF7F67A47ED1","visible":true,"isObject3D":true,"background":11184810,"fog":null,"overrideMaterial":null},{"_id":"5d7b88ecc8b49a0cf88617c5","metadata":{"generator":"AmbientLightSerializer","type":"Object","version":"0.0.1"},"children":[],"frustumCulled":true,"layers":{"mask":1},"matrix":{"elements":[1,0,0,0,0,1,0,0,0,0,1,0,0,0,0,1]},"matrixAutoUpdate":true,"matrixWorld":{"elements":[1,0,0,0,0,1,0,0,0,0,1,0,0,0,0,1]},"matrixWorldNeedsUpdate":false,"modelViewMatrix":{"elements":[1,0,0,0,0,1,0,0,0,0,1,0,0,0,0,1]},"name":"Ambient","normalMatrix":{"elements":[1,0,0,0,1,0,0,0,1]},"parent":"1E5ED84D-154A-4C9D-9E95-BF7F67A47ED1","position":{"x":0,"y":0,"z":0},"quaternion":{"x":0,"y":0,"z":0,"w":1},"renderOrder":0,"rotation":{"x":0,"y":0,"z":0,"order":"XYZ"},"scale":{"x":1,"y":1,"z":1},"type":"AmbientLight","up":{"x":0,"y":1,"z":0},"userData":{},"uuid":"C3AE40EB-A222-4FF6-8471-52FF01B01B09","visible":true,"isObject3D":true,"color":16777215,"intensity":0.74,"isLight":true,"shadow":null,"isAmbientLight":true},{"_id":"5d7b88ecc8b49a0cf88617c6","metadata":{"generator":"DirectionalLightSerializer","type":"Object","version":"0.0.1"},"castShadow":true,"children":[],"frustumCulled":true,"layers":{"mask":1},"matrix":{"elements":[1,0,0,0,0,1,0,0,0,0,1,0,2.3974989001916773,13.588533214417112,19.375365775611051,1]},"matrixAutoUpdate":true,"matrixWorld":{"elements":[1,0,0,0,0,1,0,0,0,0,1,0,2.3974989001916773,13.588533214417112,19.375365775611051,1]},"matrixWorldNeedsUpdate":false,"modelViewMatrix":{"elements":[1,0,0,0,0,1,0,0,0,0,1,0,0,0,0,1]},"name":"Directional","normalMatrix":{"elements":[1,0,0,0,1,0,0,0,1]},"parent":"1E5ED84D-154A-4C9D-9E95-BF7F67A47ED1","position":{"x":2.3974989001916773,"y":13.588533214417112,"z":19.375365775611051},"quaternion":{"x":0,"y":0,"z":0,"w":1},"renderOrder":0,"rotation":{"x":0,"y":0,"z":0,"order":"XYZ"},"scale":{"x":1,"y":1,"z":1},"type":"DirectionalLight","up":{"x":0,"y":1,"z":0},"userData":{},"uuid":"A620E1A5-A323-4D7E-BF51-327BF7A79DF9","visible":true,"isObject3D":true,"color":16777215,"intensity":0.86,"isLight":true,"shadow":{"metadata":{"generator":"DirectionalLightShadowSerializer","type":"Object","version":"0.0.1"},"bias":0,"camera":{"metadata":{"generator":"OrthographicCameraSerializer","type":"Object","version":"0.0.1"},"castShadow":false,"children":[],"frustumCulled":true,"layers":{"mask":1},"matrix":{"elements":[0.99243107131967589,0,-0.12280296689934007,0,-0.070153536804231309,0.82076284554927925,-0.56694517604412809,0,0.1007921125541963,0.57126907089903789,0.81455055010785693,0,2.3974989001916773,13.588533214417112,19.375365775611051,1]},"matrixAutoUpdate":true,"matrixWorld":{"elements":[0.99243107131967589,0,-0.12280296689934007,0,-0.070153536804231309,0.82076284554927925,-0.56694517604412809,0,0.1007921125541963,0.57126907089903789,0.81455055010785693,0,2.3974989001916773,13.588533214417112,19.375365775611051,1]},"matrixWorldNeedsUpdate":false,"modelViewMatrix":{"elements":[1,0,0,0,0,1,0,0,0,0,1,0,0,0,0,1]},"name":"","normalMatrix":{"elements":[1,0,0,0,1,0,0,0,1]},"parent":null,"position":{"x":2.3974989001916773,"y":13.588533214417112,"z":19.375365775611051},"quaternion":{"x":-0.29879661797891044,"y":0.058696729299311266,"z":0.018416251239745732,"w":0.95233193621982615},"receiveShadow":false,"renderOrder":0,"rotation":{"x":-0.6116182987307226,"y":0.10096355616777303,"z":0.070571184680180338,"order":"XYZ"},"scale":{"x":1,"y":1,"z":1},"type":"OrthographicCamera","up":{"x":0,"y":1,"z":0},"userData":{},"uuid":"B9F7C661-AB8F-4A33-AE84-B44515CB53FD","visible":true,"isObject3D":true,"matrixWorldInverse":{"elements":[0.992431071319676,-0.070153536804231309,0.1007921125541963,0,6.9388939039072284E-18,0.82076284554927925,0.571269070899038,0,-0.12280296689934007,-0.56694517604412809,0.81455055010785693,0,-4.4408920985006262E-16,0,-23.786572574342387,1]},"projectionMatrix":{"elements":[0.05,0,0,0,0,0.05,0,0,0,0,-0.0040008001600320064,0,0,0,-1.0004000800160033,1]},"bottom":-20,"far":500,"left":-20,"near":0.1,"right":20,"top":20,"view":null,"zoom":1},"map":{"metadata":{"generator":"WebGLRenderTargetSerializer","type":"Object","version":"0.0.1"},"depthBuffer":true,"depthTexture":null,"height":2048,"scissor":{"x":0,"y":0,"z":2048,"w":2048},"scissorTest":false,"stencilBuffer":true,"texture":{"metadata":{"generator":"TextureSerializer","type":"Object","version":"0.0.1"},"anisotropy":1,"center":{"x":0,"y":0},"encoding":3000,"flipY":true,"format":1023,"generateMipmaps":false,"image":null,"magFilter":1003,"mapping":300,"matrix":{"elements":[1,0,0,0,1,0,0,0,1]},"matrixAutoUpdate":true,"minFilter":1003,"mipmaps":[],"name":"Directional.shadowMap","offset":{"x":0,"y":0},"premultiplyAlpha":false,"repeat":{"x":1,"y":1},"rotation":0,"type":1009,"unpackAlignment":4,"uuid":"E9EAD18A-B2E8-42EE-A614-3A57D36A8BD3","version":0,"wrapS":1001,"wrapT":1001,"isTexture":true},"viewport":{"x":0,"y":0,"z":2048,"w":2048},"width":2048,"isWebGLRenderTarget":true},"mapSize":{"x":2048,"y":2048},"matrix":{"elements":[0.0248107767829919,-0.0017538384201057828,-0.0002016245500183963,0,1.7347234759768072E-19,0.020519071138731984,-0.0011427666951371034,0,-0.0030700741724835022,-0.014173629401103203,-0.0016294269856128364,0,0.5,0.5,0.047382621673019307,1]},"radius":0},"isDirectionalLight":true},{"_id":"5d7b88ecc8b49a0cf88617c7","metadata":{"generator":"ServerObject","type":"Object","version":"0.0.1"},"castShadow":false,"children":[],"frustumCulled":true,"layers":{"mask":1},"matrix":{"elements":[0.1,0,0,0,0,0.1,0,0,0,0,0.1,0,0,0,0,1]},"matrixAutoUpdate":true,"matrixWorld":{"elements":[0.1,0,0,0,0,0.1,0,0,0,0,0.1,0,0,0,0,1]},"matrixWorldNeedsUpdate":false,"modelViewMatrix":{"elements":[0.099956189762756387,0.00071743811004672383,-0.0028714823123414932,0,0,0.097017687071376438,0.02423981013375472,0,0.0029597513597999186,-0.02422919061542772,0.09697518339250219,0,-0.21709538506171797,-7.7873828270616094,-33.371341210743317,1]},"name":"Annie","normalMatrix":{"elements":[9.9956189762756349,0.071743811004672364,-0.28714823123414929,-1.3552527156068802E-17,9.7017687071376422,2.4239810133754722,0.29597513597999175,-2.4229190615427716,9.6975183392502178]},"parent":"1E5ED84D-154A-4C9D-9E95-BF7F67A47ED1","position":{"x":0,"y":0,"z":0},"quaternion":{"x":0,"y":0,"z":0,"w":1},"receiveShadow":false,"renderOrder":0,"rotation":{"x":0,"y":0,"z":0,"order":"XYZ"},"scale":{"x":0.1,"y":0.1,"z":0.1},"type":"Mesh","up":{"x":0,"y":1,"z":0},"userData":{"type":"lol","scripts":[{"id":null,"name":"AnnieAnimation","type":"javascript","source":"var mesh = this.getObjectByName('Annie');\nvar model = mesh.userData.model;\n\n// animNames: attack1,attack2,channel,channel_wndup,crit,death,run,spell1,spell2,spell3,spell4,dance,joke,taunt,laugh,recall,idle1\nmodel.setAnimation('attack1');\n\nfunction update(clock, deltaTime) { \n    model.update(clock.getElapsedTime() * 1000); \n}","uuid":"E60C4928-979C-4D46-B203-1D97E08E52A1"}],"_children":[],"physics":{"enabled":false,"type":"rigidBody","shape":"btBoxShape","mass":1,"inertia":{"x":0,"y":0,"z":0}},"ID":"5d7b887ac8b49a0cf886179d","Name":"Annie","CategoryID":"","CategoryName":"","TotalPinYin":"annie","FirstPinYin":"annie","Type":"lol","Url":"/Upload/Model/20190913201553/1_0.lmesh;/Upload/Model/20190913201553/1_0.lanim;/Upload/Model/20190913201553/annie_base_2012_cm.png","FileName":null,"FileSize":0,"FileType":null,"SaveName":null,"SavePath":null,"AddTime":"0001-01-01 00:00:00","Thumbnail":"","id":"5d7b887ac8b49a0cf886179d","src":null,"title":"Annie","icon":"model","cornerText":"lol","Server":true,"children":[]},"uuid":"E9D79BB8-A0E7-4DF0-A134-5479575D6222","visible":true,"isObject3D":true}]}