[{"_id":"5c80f9ffc8b49a557cb68926","metadata":{"generator":"OptionsSerializer","type":"Object","version":"0.0.1"},"server":"http://localhost:2000","theme":"assets/css/light.css","showGrid":true,"showCameraHelper":true,"showPointLightHelper":false,"showDirectionalLightHelper":true,"showSpotLightHelper":true,"showHemisphereLightHelper":true,"showRectAreaLightHelper":true,"showSkeletonHelper":false,"selected":"96E7709B-6205-4CE8-8FCD-D4FB41A0B433"},{"_id":"5c80f9ffc8b49a557cb68927","metadata":{"generator":"PerspectiveCameraSerializer","type":"Object","version":"0.0.1"},"castShadow":false,"children":["A9A2EFB1-CCB4-4405-A499-9A263DD155BD","CC00203B-9C2C-4288-B71C-A1CF8FB8F000"],"frustumCulled":true,"layers":{"mask":1},"matrix":{"elements":[0.95954962998479032,-2.7755575615628914E-17,-0.28153953114270125,0,-0.10829633490379792,0.92305931066523639,-0.36909810733817522,0,0.25987768554159563,0.38465765167772065,0.88572122000284315,0,4.3853852206917168,4.9366229200758305,11.048101206355083,1]},"matrixAutoUpdate":true,"matrixWorld":{"elements":[0.95954962998479032,-2.7755575615628914E-17,-0.28153953114270125,0,-0.10829633490379792,0.92305931066523639,-0.36909810733817522,0,0.25987768554159563,0.38465765167772065,0.88572122000284315,0,4.3853852206917168,4.9366229200758305,11.048101206355083,1]},"matrixWorldNeedsUpdate":false,"modelViewMatrix":{"elements":[1,0,0,0,0,1,0,0,0,0,1,0,0,0,0,1]},"name":"默认相机","normalMatrix":{"elements":[1,0,0,0,1,0,0,0,1]},"parent":null,"position":{"x":4.3853852206917168,"y":4.9366229200758305,"z":11.048101206355083},"quaternion":{"x":-0.19414498404331154,"y":0.13945291380749536,"z":0.027893903244331386,"w":0.97060936537992337},"receiveShadow":false,"renderOrder":0,"rotation":{"x":-0.4097108675744458,"y":0.26289553422426892,"z":0.11238605797312623,"order":"XYZ"},"scale":{"x":1,"y":1,"z":1},"type":"PerspectiveCamera","up":{"x":0,"y":1,"z":0},"userData":{"isDefault":true,"control":"OrbitControls","orbitOptions":{"minDistance":0,"maxDistance":99999,"minPolarAngle":0,"maxPolarAngle":3.1415926535897931,"minAzimuthAngle":-9999,"maxAzimuthAngle":9999,"enableDamping":false,"dampingFactor":0.25,"enableZoom":true,"zoomSpeed":1,"enableRotate":true,"rotateSpeed":1,"enablePan":true,"panSpeed":1,"screenSpacePanning":false,"keyPanSpeed":7,"autoRotate":false,"autoRotateSpeed":2,"enableKeys":true}},"uuid":"BD5BD9DB-76DC-4411-8941-F04E94CE5715","visible":true,"isObject3D":true,"matrixWorldInverse":{"elements":[0.95954962998479032,-0.10829633490379793,0.25987768554159568,0,-2.7755575615628914E-17,0.92305931066523639,0.38465765167772065,0,-0.28153953114270119,-0.36909810733817522,0.88572122000284315,0,-1.097517532201183,-0.0040413581309346469,-12.824111220224172,1]},"projectionMatrix":{"elements":[0.99587786462210648,0,0,0,0,2.1445069205095586,0,0,0,0,-1.0000200002000021,-1,0,0,-0.20000200002000021,0]},"aspect":2.1533834586466165,"far":10000,"filmGauge":35,"filmOffset":0,"focus":10,"fov":50,"near":0.1,"view":null,"zoom":1},{"_id":"5c80f9ffc8b49a557cb68928","metadata":{"generator":"WebGLRendererSerializer","type":"Object","version":"0.0.1"},"antialias":true,"autoClear":false,"autoClearColor":true,"autoClearDepth":true,"autoClearStencil":true,"autoUpdateScene":false,"clippingPlanes":[],"gammaFactor":2,"gammaInput":false,"gammaOutput":false,"localClippingEnabled":false,"physicallyCorrectLights":false,"shadowMap":{"metadata":{"generator":"WebGLShadowMapSerializer","type":"Object","version":"0.0.1"},"autoUpdate":true,"enabled":true,"needsUpdate":false,"type":2},"sortObjects":true,"toneMapping":1,"toneMappingExposure":1,"toneMappingWhitePoint":1},{"_id":"5c3159f9c8b49a35149c615a","metadata":{"generator":"AnimationSerializer","type":"Object","version":"0.0.1"},"id":"5c178c6bc8b49a1d70668a54","uuid":"C4DD0C20-8DCC-458D-BF50-99EDB87A723C","name":"组1","type":"AnimationGroup","index":1,"animations":[]},{"_id":"5c3159f9c8b49a35149c615b","metadata":{"generator":"AnimationSerializer","type":"Object","version":"0.0.1"},"id":"5c178c6bc8b49a1d70668a55","uuid":"AB3C2284-F733-4943-BF79-4A58A27967CA","name":"组2","type":"AnimationGroup","index":1,"animations":[]},{"_id":"5c3159f9c8b49a35149c615c","metadata":{"generator":"AnimationSerializer","type":"Object","version":"0.0.1"},"id":"5c178c6bc8b49a1d70668a56","uuid":"9A23A75F-EC53-4A63-B011-7484CE9DA800","name":"组3","type":"AnimationGroup","index":2,"animations":[]},{"_id":"5c80f9ffc8b49a557cb68929","metadata":{"generator":"AudioListenerSerializer","type":"Object","version":"0.0.1"},"castShadow":false,"children":[],"frustumCulled":true,"layers":{"mask":1},"matrix":{"elements":[1,0,0,0,0,1,0,0,0,0,1,0,0,0,0,1]},"matrixAutoUpdate":true,"matrixWorld":{"elements":[0.95954962998479032,-2.7755575615628914E-17,-0.28153953114270125,0,-0.10829633490379792,0.92305931066523639,-0.36909810733817522,0,0.25987768554159563,0.38465765167772065,0.88572122000284315,0,4.3853852206917168,4.9366229200758305,11.048101206355083,1]},"matrixWorldNeedsUpdate":false,"modelViewMatrix":{"elements":[1,0,0,0,0,1,0,0,0,0,1,0,0,0,0,1]},"name":"音频监听器","normalMatrix":{"elements":[1,0,0,0,1,0,0,0,1]},"parent":"BD5BD9DB-76DC-4411-8941-F04E94CE5715","position":{"x":0,"y":0,"z":0},"quaternion":{"x":0,"y":0,"z":0,"w":1},"receiveShadow":false,"renderOrder":0,"rotation":{"x":0,"y":0,"z":0,"order":"XYZ"},"scale":{"x":1,"y":1,"z":1},"type":"AudioListener","up":{"x":0,"y":1,"z":0},"userData":{},"uuid":"A9A2EFB1-CCB4-4405-A499-9A263DD155BD","visible":true,"isObject3D":true,"masterVolume":1},{"_id":"5c80f9ffc8b49a557cb6892a","metadata":{"generator":"SceneSerializer","type":"Object","version":"0.0.1"},"castShadow":false,"children":["F7BAA6F8-2297-4869-9B9A-1E9F9102D9BF","91BDAAC0-327A-4D0F-9452-87E55204B4C3","3D0DAF57-FBDF-40AA-9689-D076F4D31D26","54E0D66F-30B4-4520-8599-3AEC0A1B9149","A14217E4-D261-4201-9A64-4CE8DD315A07","DEEB3F0E-C746-4EBE-9471-423DAD0227D4","BAF21BA3-22C3-4930-ABBD-CD65445C9777","83379181-3D77-4753-8049-E112F4A179BB","B6557000-8567-4CB6-A6D7-13657992F1EE","397780A7-B709-46C6-8771-56C533DDCF99","BC78DF89-FC70-49BA-8EDD-BFF44D0B41E9","F71855A7-A518-4795-A958-B706F0EC13EB","ACA67592-1C7B-4A0B-B39C-EAA08FE0AAE3","9FD999B0-5CD7-49FA-8440-8D28265E13C1","96E7709B-6205-4CE8-8FCD-D4FB41A0B433"],"frustumCulled":true,"layers":{"mask":1},"matrix":{"elements":[1,0,0,0,0,1,0,0,0,0,1,0,0,0,0,1]},"matrixAutoUpdate":true,"matrixWorld":{"elements":[1,0,0,0,0,1,0,0,0,0,1,0,0,0,0,1]},"matrixWorldNeedsUpdate":false,"modelViewMatrix":{"elements":[1,0,0,0,0,1,0,0,0,0,1,0,0,0,0,1]},"name":"场景","normalMatrix":{"elements":[1,0,0,0,1,0,0,0,1]},"parent":null,"position":{"x":0,"y":0,"z":0},"quaternion":{"x":0,"y":0,"z":0,"w":1},"receiveShadow":false,"renderOrder":0,"rotation":{"x":0,"y":0,"z":0,"order":"XYZ"},"scale":{"x":1,"y":1,"z":1},"type":"Scene","up":{"x":0,"y":1,"z":0},"userData":{},"uuid":"F321107D-B892-4A78-93A1-5ACF4C969F91","visible":true,"isObject3D":true,"background":8388863,"fog":{"type":"FogExp2","color":16711935,"density":0.05},"overrideMaterial":null},{"_id":"5c80f9ffc8b49a557cb6892b","metadata":{"generator":"AmbientLightSerializer","type":"Object","version":"0.0.1"},"children":[],"frustumCulled":true,"layers":{"mask":1},"matrix":{"elements":[1,0,0,0,0,1,0,0,0,0,1,0,0,0,0,1]},"matrixAutoUpdate":true,"matrixWorld":{"elements":[1,0,0,0,0,1,0,0,0,0,1,0,0,0,0,1]},"matrixWorldNeedsUpdate":false,"modelViewMatrix":{"elements":[1,0,0,0,0,1,0,0,0,0,1,0,0,0,0,1]},"name":"环境光","normalMatrix":{"elements":[1,0,0,0,1,0,0,0,1]},"parent":"F321107D-B892-4A78-93A1-5ACF4C969F91","position":{"x":0,"y":0,"z":0},"quaternion":{"x":0,"y":0,"z":0,"w":1},"renderOrder":0,"rotation":{"x":0,"y":0,"z":0,"order":"XYZ"},"scale":{"x":1,"y":1,"z":1},"type":"AmbientLight","up":{"x":0,"y":1,"z":0},"userData":{},"uuid":"F7BAA6F8-2297-4869-9B9A-1E9F9102D9BF","visible":true,"isObject3D":true,"color":16777215,"intensity":0.24,"isLight":true,"shadow":null,"isAmbientLight":true},{"_id":"5c80f9ffc8b49a557cb6892c","metadata":{"generator":"DirectionalLightSerializer","type":"Object","version":"0.0.1"},"castShadow":true,"children":[],"frustumCulled":true,"layers":{"mask":1},"matrix":{"elements":[1,0,0,0,0,1,0,0,0,0,1,0,5,10,7.5,1]},"matrixAutoUpdate":true,"matrixWorld":{"elements":[1,0,0,0,0,1,0,0,0,0,1,0,5,10,7.5,1]},"matrixWorldNeedsUpdate":false,"modelViewMatrix":{"elements":[1,0,0,0,0,1,0,0,0,0,1,0,0,0,0,1]},"name":"平行光","normalMatrix":{"elements":[1,0,0,0,1,0,0,0,1]},"parent":"F321107D-B892-4A78-93A1-5ACF4C969F91","position":{"x":5,"y":10,"z":7.5},"quaternion":{"x":0,"y":0,"z":0,"w":1},"renderOrder":0,"rotation":{"x":0,"y":0,"z":0,"order":"XYZ"},"scale":{"x":1,"y":1,"z":1},"type":"DirectionalLight","up":{"x":0,"y":1,"z":0},"userData":{},"uuid":"91BDAAC0-327A-4D0F-9452-87E55204B4C3","visible":true,"isObject3D":true,"color":16777215,"intensity":0.56,"isLight":true,"shadow":{"metadata":{"generator":"DirectionalLightShadowSerializer","type":"Object","version":"0.0.1"},"bias":0,"camera":{"metadata":{"generator":"OrthographicCameraSerializer","type":"Object","version":"0.0.1"},"castShadow":false,"children":[],"frustumCulled":true,"layers":{"mask":1},"matrix":{"elements":[0.83205029433784372,2.7755575615628914E-17,-0.554700196225229,0,-0.41202096209968375,0.66953406341198618,-0.61803144314952574,0,0.37139067635410372,0.74278135270820744,0.55708601453115558,0,5,10,7.5,1]},"matrixAutoUpdate":true,"matrixWorld":{"elements":[0.83205029433784372,2.7755575615628914E-17,-0.554700196225229,0,-0.41202096209968375,0.66953406341198618,-0.61803144314952574,0,0.37139067635410372,0.74278135270820744,0.55708601453115558,0,5,10,7.5,1]},"matrixWorldNeedsUpdate":false,"modelViewMatrix":{"elements":[1,0,0,0,0,1,0,0,0,0,1,0,0,0,0,1]},"name":"","normalMatrix":{"elements":[1,0,0,0,1,0,0,0,1]},"parent":null,"position":{"x":5,"y":10,"z":7.5},"quaternion":{"x":-0.38904698186552672,"y":0.26476298577359092,"z":0.1177939480420426,"w":0.87445273918619892},"receiveShadow":false,"renderOrder":0,"rotation":{"x":-0.92729521800161219,"y":0.3805063771123649,"z":0.45979025757734426,"order":"XYZ"},"scale":{"x":1,"y":1,"z":1},"type":"OrthographicCamera","up":{"x":0,"y":1,"z":0},"userData":{},"uuid":"23A71F1A-5064-4F71-B69D-D5B0B662119A","visible":true,"isObject3D":true,"matrixWorldInverse":{"elements":[0.83205029433784372,-0.41202096209968375,0.37139067635410367,0,-5.5511151231257827E-17,0.66953406341198618,0.74278135270820744,0,-0.55470019622522915,-0.61803144314952574,0.55708601453115558,0,0,0,-13.46291201783626,1]},"projectionMatrix":{"elements":[0.01,0,0,0,0,0.01,0,0,0,0,-0.004004004004004004,0,0,0,-1.002002002002002,1]},"bottom":-100,"far":500,"left":-100,"near":0.5,"right":100,"top":100,"view":null,"zoom":1},"map":{"metadata":{"generator":"WebGLRenderTargetSerializer","type":"Object","version":"0.0.1"},"depthBuffer":true,"depthTexture":null,"height":2048,"scissor":{"x":0,"y":0,"z":2048,"w":2048},"scissorTest":false,"stencilBuffer":true,"texture":{"metadata":{"generator":"TextureSerializer","type":"Object","version":"0.0.1"},"anisotropy":1,"center":{"x":0,"y":0},"encoding":3000,"flipY":true,"format":1023,"generateMipmaps":false,"image":null,"magFilter":1003,"mapping":300,"matrix":{"elements":[1,0,0,0,1,0,0,0,1]},"matrixAutoUpdate":true,"minFilter":1003,"mipmaps":[],"name":"平行光.shadowMap","offset":{"x":0,"y":0},"premultiplyAlpha":false,"repeat":{"x":1,"y":1},"rotation":0,"type":1009,"unpackAlignment":4,"uuid":"10BED8F5-97E5-41A5-8691-78D3B8D4522A","version":0,"wrapS":1001,"wrapT":1001,"isTexture":true},"viewport":{"x":0,"y":0,"z":2048,"w":2048},"width":2048,"isWebGLRenderTarget":true},"mapSize":{"x":2048,"y":2048},"matrix":{"elements":[0.0041602514716892183,-0.0020601048104984189,-0.00074352487758579317,0,-2.7755575615628914E-19,0.0033476703170599309,-0.0014870497551715866,0,-0.002773500981126146,-0.0030901572157476286,-0.00111528731637869,0,0.5,0.5,0.025951775811484026,1]},"radius":1},"isDirectionalLight":true},{"_id":"5c80f9ffc8b49a557cb6892d","metadata":{"generator":"MeshSerializer","type":"Object","version":"0.0.1"},"castShadow":true,"children":[],"frustumCulled":true,"layers":{"mask":1},"matrix":{"elements":[1,0,0,0,0,2.2204460492503131E-16,-1,0,0,1,2.2204460492503131E-16,0,0,0,0,1]},"matrixAutoUpdate":true,"matrixWorld":{"elements":[1,0,0,0,0,2.2204460492503131E-16,-1,0,0,1,2.2204460492503131E-16,0,0,0,0,1]},"matrixWorldNeedsUpdate":false,"modelViewMatrix":{"elements":[0.95954962998479032,-0.10829633490379793,0.25987768554159568,0,0.28153953114270119,0.36909810733817544,-0.885721220002843,0,-9.0269909578988548E-17,0.92305931066523628,0.38465765167772087,0,-1.097517532201183,-0.0040413581309346469,-12.824111220224172,1]},"name":"平面","normalMatrix":{"elements":[0.95954962998479032,-0.10829633490379792,0.25987768554159563,0.28153953114270125,0.36909810733817544,-0.885721220002843,-1.1102230246251565E-16,0.92305931066523628,0.38465765167772087]},"parent":"F321107D-B892-4A78-93A1-5ACF4C969F91","position":{"x":0,"y":0,"z":0},"quaternion":{"x":-0.70710678118654746,"y":0,"z":0,"w":0.70710678118654757},"receiveShadow":true,"renderOrder":0,"rotation":{"x":-1.5707963267948966,"y":0,"z":0,"order":"XYZ"},"scale":{"x":1,"y":1,"z":1},"type":"Mesh","up":{"x":0,"y":1,"z":0},"userData":{},"uuid":"3D0DAF57-FBDF-40AA-9689-D076F4D31D26","visible":true,"isObject3D":true,"drawMode":0,"geometry":{"metadata":{"generator":"PlaneBufferGeometrySerializer","type":"Object","version":"0.0.1"},"boundingBox":null,"boundingSphere":{"center":{"x":0,"y":0,"z":0},"radius":35.355339059327378},"drawRange":{"start":0,"count":null},"groups":[],"morphAttributes":{},"name":"","parameters":{"width":50,"height":50},"type":"PlaneBufferGeometry","userData":{},"uuid":"B01EA1B5-CA7F-4E02-BD83-32097DA77DB4"},"material":{"metadata":{"generator":"MeshStandardMaterialSerializer","type":"Object","version":"0.0.1"},"alphaMap":null,"alphaTest":0,"aoMap":null,"aoMapIntensity":1,"blendDst":205,"blendDstAlpha":null,"blendEquation":100,"blendEquationAlpha":null,"blendSrc":204,"blendSrcAlpha":null,"blending":1,"bumpMap":null,"bumpScale":1,"clipIntersection":false,"clippingPlanes":null,"color":16777215,"colorWrite":true,"depthFunc":3,"depthTest":true,"depthWrite":true,"displacementBias":0,"displacementMap":null,"displacementScale":1,"dithering":false,"emissive":0,"emissiveIntensity":1,"emissiveMap":null,"envMap":null,"envMapIntensity":1,"flatShading":false,"fog":true,"lightMap":null,"lightMapIntensity":1,"lights":true,"map":null,"metalness":0.5,"metalnessMap":null,"morphNormals":false,"morphTargets":false,"name":"","normalMap":null,"normalScale":{"x":1,"y":1},"opacity":1,"polygonOffset":false,"polygonOffsetFactor":0,"polygonOffsetUnits":0,"precision":null,"premultipliedAlpha":false,"refractionRatio":0.98,"roughness":0.5,"roughnessMap":null,"shadowSide":null,"side":0,"skinning":false,"transparent":false,"type":"MeshStandardMaterial","userData":{},"uuid":"A3CB476F-3F00-49FB-B968-4FC964083600","vertexColors":0,"visible":true,"wireframe":false,"wireframeLinecap":"round","wireframeLinejoin":"round","wireframeLinewidth":1}},{"_id":"5c80f9ffc8b49a557cb6892e","metadata":{"generator":"MeshSerializer","type":"Object","version":"0.0.1"},"castShadow":true,"children":[],"frustumCulled":true,"layers":{"mask":1},"matrix":{"elements":[1,0,0,0,0,1,0,0,0,0,1,0,-0.27296324809864148,0.58779897991777652,0,1]},"matrixAutoUpdate":true,"matrixWorld":{"elements":[1,0,0,0,0,1,0,0,0,0,1,0,-0.27296324809864148,0.58779897991777652,0,1]},"matrixWorldNeedsUpdate":false,"modelViewMatrix":{"elements":[0.95954962998479032,-0.10829633490379793,0.25987768554159568,0,-2.7755575615628914E-17,0.92305931066523639,0.38465765167772065,0,-0.28153953114270119,-0.36909810733817522,0.88572122000284315,0,-1.3594393159136811,0.56809288241421618,-12.668946902104231,1]},"name":"正方体","normalMatrix":{"elements":[0.95954962998479032,-0.10829633490379791,0.25987768554159563,-4.163336342344337E-17,0.92305931066523639,0.38465765167772065,-0.28153953114270125,-0.36909810733817522,0.88572122000284315]},"parent":"F321107D-B892-4A78-93A1-5ACF4C969F91","position":{"x":-0.27296324809864148,"y":0.58779897991777652,"z":0},"quaternion":{"x":0,"y":0,"z":0,"w":1},"receiveShadow":true,"renderOrder":0,"rotation":{"x":0,"y":0,"z":0,"order":"XYZ"},"scale":{"x":1,"y":1,"z":1},"type":"Mesh","up":{"x":0,"y":1,"z":0},"userData":{},"uuid":"54E0D66F-30B4-4520-8599-3AEC0A1B9149","visible":true,"isObject3D":true,"drawMode":0,"geometry":{"metadata":{"generator":"BoxBufferGeometrySerializer","type":"Object","version":"0.0.1"},"boundingBox":null,"boundingSphere":{"center":{"x":0,"y":0,"z":0},"radius":0.8660254037844386},"drawRange":{"start":0,"count":null},"groups":[{"start":0,"count":6,"materialIndex":0},{"start":6,"count":6,"materialIndex":1},{"start":12,"count":6,"materialIndex":2},{"start":18,"count":6,"materialIndex":3},{"start":24,"count":6,"materialIndex":4},{"start":30,"count":6,"materialIndex":5}],"morphAttributes":{},"name":"","parameters":{"width":1,"height":1,"depth":1},"type":"BoxBufferGeometry","userData":{},"uuid":"A325E882-139E-44AE-8CFE-3C2A85C19647"},"material":{"metadata":{"generator":"MeshStandardMaterialSerializer","type":"Object","version":"0.0.1"},"alphaMap":null,"alphaTest":0,"aoMap":null,"aoMapIntensity":1,"blendDst":205,"blendDstAlpha":null,"blendEquation":100,"blendEquationAlpha":null,"blendSrc":204,"blendSrcAlpha":null,"blending":1,"bumpMap":null,"bumpScale":1,"clipIntersection":false,"clippingPlanes":null,"color":16777215,"colorWrite":true,"depthFunc":3,"depthTest":true,"depthWrite":true,"displacementBias":0,"displacementMap":null,"displacementScale":1,"dithering":false,"emissive":0,"emissiveIntensity":1,"emissiveMap":null,"envMap":null,"envMapIntensity":1,"flatShading":false,"fog":true,"lightMap":null,"lightMapIntensity":1,"lights":true,"map":null,"metalness":0.5,"metalnessMap":null,"morphNormals":false,"morphTargets":false,"name":"","normalMap":null,"normalScale":{"x":1,"y":1},"opacity":1,"polygonOffset":false,"polygonOffsetFactor":0,"polygonOffsetUnits":0,"precision":null,"premultipliedAlpha":false,"refractionRatio":0.98,"roughness":0.5,"roughnessMap":null,"shadowSide":null,"side":0,"skinning":false,"transparent":false,"type":"MeshStandardMaterial","userData":{},"uuid":"9072C025-5ED9-45CD-B5E7-241210E54257","vertexColors":0,"visible":true,"wireframe":false,"wireframeLinecap":"round","wireframeLinejoin":"round","wireframeLinewidth":1}},{"_id":"5c80f9ffc8b49a557cb6892f","metadata":{"generator":"MeshSerializer","type":"Object","version":"0.0.1"},"castShadow":true,"children":[],"frustumCulled":true,"layers":{"mask":1},"matrix":{"elements":[1,0,0,0,0,1,0,0,0,0,1,0,-2.206056148915934,0.99076223460019763,-0.94955585311694679,1]},"matrixAutoUpdate":true,"matrixWorld":{"elements":[1,0,0,0,0,1,0,0,0,0,1,0,-2.206056148915934,0.99076223460019763,-0.94955585311694679,1]},"matrixWorldNeedsUpdate":false,"modelViewMatrix":{"elements":[0.95954962998479032,-0.10829633490379793,0.25987768554159568,0,-2.7755575615628914E-17,0.92305931066523639,0.38465765167772065,0,-0.28153953114270119,-0.36909810733817522,0.88572122000284315,0,-2.9470003839387862,1.4998780108892071,-13.85735348053055,1]},"name":"圆","normalMatrix":{"elements":[0.95954962998479032,-0.10829633490379791,0.25987768554159563,-4.163336342344337E-17,0.92305931066523639,0.38465765167772065,-0.28153953114270125,-0.36909810733817522,0.88572122000284315]},"parent":"F321107D-B892-4A78-93A1-5ACF4C969F91","position":{"x":-2.206056148915934,"y":0.99076223460019763,"z":-0.94955585311694679},"quaternion":{"x":0,"y":0,"z":0,"w":1},"receiveShadow":true,"renderOrder":0,"rotation":{"x":0,"y":0,"z":0,"order":"XYZ"},"scale":{"x":1,"y":1,"z":1},"type":"Mesh","up":{"x":0,"y":1,"z":0},"userData":{},"uuid":"A14217E4-D261-4201-9A64-4CE8DD315A07","visible":true,"isObject3D":true,"drawMode":0,"geometry":{"metadata":{"generator":"CircleBufferGeometrySerializer","type":"Object","version":"0.0.1"},"boundingBox":null,"boundingSphere":{"center":{"x":0,"y":0,"z":0},"radius":1},"drawRange":{"start":0,"count":null},"groups":[],"morphAttributes":{},"name":"","parameters":{"radius":1,"segments":32},"type":"CircleBufferGeometry","userData":{},"uuid":"B02BE67D-40E3-4694-AC41-7A1F1FC4979B"},"material":{"metadata":{"generator":"MeshStandardMaterialSerializer","type":"Object","version":"0.0.1"},"alphaMap":null,"alphaTest":0,"aoMap":null,"aoMapIntensity":1,"blendDst":205,"blendDstAlpha":null,"blendEquation":100,"blendEquationAlpha":null,"blendSrc":204,"blendSrcAlpha":null,"blending":1,"bumpMap":null,"bumpScale":1,"clipIntersection":false,"clippingPlanes":null,"color":16777215,"colorWrite":true,"depthFunc":3,"depthTest":true,"depthWrite":true,"displacementBias":0,"displacementMap":null,"displacementScale":1,"dithering":false,"emissive":0,"emissiveIntensity":1,"emissiveMap":null,"envMap":null,"envMapIntensity":1,"flatShading":false,"fog":true,"lightMap":null,"lightMapIntensity":1,"lights":true,"map":null,"metalness":0.5,"metalnessMap":null,"morphNormals":false,"morphTargets":false,"name":"","normalMap":null,"normalScale":{"x":1,"y":1},"opacity":1,"polygonOffset":false,"polygonOffsetFactor":0,"polygonOffsetUnits":0,"precision":null,"premultipliedAlpha":false,"refractionRatio":0.98,"roughness":0.5,"roughnessMap":null,"shadowSide":null,"side":0,"skinning":false,"transparent":false,"type":"MeshStandardMaterial","userData":{},"uuid":"DC863DEA-4DAC-4357-871E-1CB9C4ED250C","vertexColors":0,"visible":true,"wireframe":false,"wireframeLinecap":"round","wireframeLinejoin":"round","wireframeLinewidth":1}},{"_id":"5c80f9ffc8b49a557cb68930","metadata":{"generator":"MeshSerializer","type":"Object","version":"0.0.1"},"castShadow":true,"children":[],"frustumCulled":true,"layers":{"mask":1},"matrix":{"elements":[1,0,0,0,0,1,0,0,0,0,1,0,2.1456178150378151,0.92272212748420079,-0.48004368185575508,1]},"matrixAutoUpdate":true,"matrixWorld":{"elements":[1,0,0,0,0,1,0,0,0,0,1,0,2.1456178150378151,0.92272212748420079,-0.48004368185575508,1]},"matrixWorldNeedsUpdate":false,"modelViewMatrix":{"elements":[0.95954962998479032,-0.10829633490379793,0.25987768554159568,0,-2.7755575615628914E-17,0.92305931066523639,0.38465765167772065,0,-0.28153953114270119,-0.36909810733817522,0.88572122000284315,0,1.0964605214248122,0.79250656173991008,-12.336765777234122,1]},"name":"圆柱体","normalMatrix":{"elements":[0.95954962998479032,-0.10829633490379791,0.25987768554159563,-4.163336342344337E-17,0.92305931066523639,0.38465765167772065,-0.28153953114270125,-0.36909810733817522,0.88572122000284315]},"parent":"F321107D-B892-4A78-93A1-5ACF4C969F91","position":{"x":2.1456178150378151,"y":0.92272212748420079,"z":-0.48004368185575508},"quaternion":{"x":0,"y":0,"z":0,"w":1},"receiveShadow":true,"renderOrder":0,"rotation":{"x":0,"y":0,"z":0,"order":"XYZ"},"scale":{"x":1,"y":1,"z":1},"type":"Mesh","up":{"x":0,"y":1,"z":0},"userData":{},"uuid":"DEEB3F0E-C746-4EBE-9471-423DAD0227D4","visible":true,"isObject3D":true,"drawMode":0,"geometry":{"metadata":{"generator":"CylinderBufferGeometrySerializer","type":"Object","version":"0.0.1"},"boundingBox":null,"boundingSphere":{"center":{"x":0,"y":0,"z":0},"radius":1.4142135623730951},"drawRange":{"start":0,"count":null},"groups":[{"start":0,"count":192,"materialIndex":0},{"start":192,"count":96,"materialIndex":1},{"start":288,"count":96,"materialIndex":2}],"morphAttributes":{},"name":"","parameters":{"radiusTop":1,"radiusBottom":1,"height":2,"radialSegments":32,"heightSegments":1,"openEnded":false},"type":"CylinderBufferGeometry","userData":{},"uuid":"074239EB-9CBA-4DA2-A425-92BB8AEFF8DC"},"material":{"metadata":{"generator":"MeshStandardMaterialSerializer","type":"Object","version":"0.0.1"},"alphaMap":null,"alphaTest":0,"aoMap":null,"aoMapIntensity":1,"blendDst":205,"blendDstAlpha":null,"blendEquation":100,"blendEquationAlpha":null,"blendSrc":204,"blendSrcAlpha":null,"blending":1,"bumpMap":null,"bumpScale":1,"clipIntersection":false,"clippingPlanes":null,"color":16777215,"colorWrite":true,"depthFunc":3,"depthTest":true,"depthWrite":true,"displacementBias":0,"displacementMap":null,"displacementScale":1,"dithering":false,"emissive":0,"emissiveIntensity":1,"emissiveMap":null,"envMap":null,"envMapIntensity":1,"flatShading":false,"fog":true,"lightMap":null,"lightMapIntensity":1,"lights":true,"map":null,"metalness":0.5,"metalnessMap":null,"morphNormals":false,"morphTargets":false,"name":"","normalMap":null,"normalScale":{"x":1,"y":1},"opacity":1,"polygonOffset":false,"polygonOffsetFactor":0,"polygonOffsetUnits":0,"precision":null,"premultipliedAlpha":false,"refractionRatio":0.98,"roughness":0.5,"roughnessMap":null,"shadowSide":null,"side":0,"skinning":false,"transparent":false,"type":"MeshStandardMaterial","userData":{},"uuid":"BC1A7639-10E4-44ED-9E69-AD7B18BE9F9A","vertexColors":0,"visible":true,"wireframe":false,"wireframeLinecap":"round","wireframeLinejoin":"round","wireframeLinewidth":1}},{"_id":"5c80f9ffc8b49a557cb68931","metadata":{"generator":"MeshSerializer","type":"Object","version":"0.0.1"},"castShadow":true,"children":[],"frustumCulled":true,"layers":{"mask":1},"matrix":{"elements":[1,0,0,0,0,1,0,0,0,0,1,0,-5.73939757769905,0.76849230010429714,0,1]},"matrixAutoUpdate":true,"matrixWorld":{"elements":[1,0,0,0,0,1,0,0,0,0,1,0,-5.73939757769905,0.76849230010429714,0,1]},"matrixWorldNeedsUpdate":false,"modelViewMatrix":{"elements":[0.95954962998479032,-0.10829633490379793,0.25987768554159568,0,-2.7755575615628914E-17,0.92305931066523639,0.38465765167772065,0,-0.28153953114270119,-0.36909810733817522,0.88572122000284315,0,-6.6047543542179081,1.3268783368754229,-14.020046135629112,1]},"name":"球体","normalMatrix":{"elements":[0.95954962998479032,-0.10829633490379791,0.25987768554159563,-4.163336342344337E-17,0.92305931066523639,0.38465765167772065,-0.28153953114270125,-0.36909810733817522,0.88572122000284315]},"parent":"F321107D-B892-4A78-93A1-5ACF4C969F91","position":{"x":-5.73939757769905,"y":0.76849230010429714,"z":0},"quaternion":{"x":0,"y":0,"z":0,"w":1},"receiveShadow":true,"renderOrder":0,"rotation":{"x":0,"y":0,"z":0,"order":"XYZ"},"scale":{"x":1,"y":1,"z":1},"type":"Mesh","up":{"x":0,"y":1,"z":0},"userData":{},"uuid":"BAF21BA3-22C3-4930-ABBD-CD65445C9777","visible":true,"isObject3D":true,"drawMode":0,"geometry":{"metadata":{"generator":"SphereBufferGeometrySerializer","type":"Object","version":"0.0.1"},"boundingBox":null,"boundingSphere":{"center":{"x":0,"y":0,"z":0},"radius":1.000000038125435},"drawRange":{"start":0,"count":null},"groups":[],"morphAttributes":{},"name":"","parameters":{"radius":1,"widthSegments":32,"heightSegments":16,"phiStart":0,"phiLength":6.2831853071795862,"thetaStart":0,"thetaLength":3.1415926535897931},"type":"SphereBufferGeometry","userData":{},"uuid":"7FE76829-C3F3-4E1C-9DF5-3B9BF530F6FC"},"material":{"metadata":{"generator":"MeshStandardMaterialSerializer","type":"Object","version":"0.0.1"},"alphaMap":null,"alphaTest":0,"aoMap":null,"aoMapIntensity":1,"blendDst":205,"blendDstAlpha":null,"blendEquation":100,"blendEquationAlpha":null,"blendSrc":204,"blendSrcAlpha":null,"blending":1,"bumpMap":null,"bumpScale":1,"clipIntersection":false,"clippingPlanes":null,"color":16777215,"colorWrite":true,"depthFunc":3,"depthTest":true,"depthWrite":true,"displacementBias":0,"displacementMap":null,"displacementScale":1,"dithering":false,"emissive":0,"emissiveIntensity":1,"emissiveMap":null,"envMap":null,"envMapIntensity":1,"flatShading":false,"fog":true,"lightMap":null,"lightMapIntensity":1,"lights":true,"map":null,"metalness":0.5,"metalnessMap":null,"morphNormals":false,"morphTargets":false,"name":"","normalMap":null,"normalScale":{"x":1,"y":1},"opacity":1,"polygonOffset":false,"polygonOffsetFactor":0,"polygonOffsetUnits":0,"precision":null,"premultipliedAlpha":false,"refractionRatio":0.98,"roughness":0.5,"roughnessMap":null,"shadowSide":null,"side":0,"skinning":false,"transparent":false,"type":"MeshStandardMaterial","userData":{},"uuid":"ABA2C731-5692-4BE6-9648-B9FC30087202","vertexColors":0,"visible":true,"wireframe":false,"wireframeLinecap":"round","wireframeLinejoin":"round","wireframeLinewidth":1}},{"_id":"5c80f9ffc8b49a557cb68932","metadata":{"generator":"MeshSerializer","type":"Object","version":"0.0.1"},"castShadow":true,"children":[],"frustumCulled":true,"layers":{"mask":1},"matrix":{"elements":[1,0,0,0,0,1,0,0,0,0,1,0,4.6093404886128813,0.66615452296042932,0,1]},"matrixAutoUpdate":true,"matrixWorld":{"elements":[1,0,0,0,0,1,0,0,0,0,1,0,4.6093404886128813,0.66615452296042932,0,1]},"matrixWorldNeedsUpdate":false,"modelViewMatrix":{"elements":[0.95954962998479032,-0.10829633490379793,0.25987768554159568,0,-2.7755575615628914E-17,0.92305931066523639,0.38465765167772065,0,-0.28153953114270119,-0.36909810733817522,0.88572122000284315,0,3.3253734281212197,0.11168409538899243,-11.370005047713837,1]},"name":"二十面体","normalMatrix":{"elements":[0.95954962998479032,-0.10829633490379791,0.25987768554159563,-4.163336342344337E-17,0.92305931066523639,0.38465765167772065,-0.28153953114270125,-0.36909810733817522,0.88572122000284315]},"parent":"F321107D-B892-4A78-93A1-5ACF4C969F91","position":{"x":4.6093404886128813,"y":0.66615452296042932,"z":0},"quaternion":{"x":0,"y":0,"z":0,"w":1},"receiveShadow":true,"renderOrder":0,"rotation":{"x":0,"y":0,"z":0,"order":"XYZ"},"scale":{"x":1,"y":1,"z":1},"type":"Mesh","up":{"x":0,"y":1,"z":0},"userData":{},"uuid":"83379181-3D77-4753-8049-E112F4A179BB","visible":true,"isObject3D":true,"drawMode":0,"geometry":{"metadata":{"generator":"IcosahedronBufferGeometrySerializer","type":"Object","version":"0.0.1"},"boundingBox":null,"boundingSphere":{"center":{"x":0,"y":0,"z":0},"radius":1.000000019576136},"drawRange":{"start":0,"count":null},"groups":[],"morphAttributes":{},"name":"","parameters":{"radius":1,"detail":2},"type":"IcosahedronBufferGeometry","userData":{},"uuid":"F3E8946B-A8C4-4E48-9B7C-600E571C766A"},"material":{"metadata":{"generator":"MeshStandardMaterialSerializer","type":"Object","version":"0.0.1"},"alphaMap":null,"alphaTest":0,"aoMap":null,"aoMapIntensity":1,"blendDst":205,"blendDstAlpha":null,"blendEquation":100,"blendEquationAlpha":null,"blendSrc":204,"blendSrcAlpha":null,"blending":1,"bumpMap":null,"bumpScale":1,"clipIntersection":false,"clippingPlanes":null,"color":16777215,"colorWrite":true,"depthFunc":3,"depthTest":true,"depthWrite":true,"displacementBias":0,"displacementMap":null,"displacementScale":1,"dithering":false,"emissive":0,"emissiveIntensity":1,"emissiveMap":null,"envMap":null,"envMapIntensity":1,"flatShading":false,"fog":true,"lightMap":null,"lightMapIntensity":1,"lights":true,"map":null,"metalness":0.5,"metalnessMap":null,"morphNormals":false,"morphTargets":false,"name":"","normalMap":null,"normalScale":{"x":1,"y":1},"opacity":1,"polygonOffset":false,"polygonOffsetFactor":0,"polygonOffsetUnits":0,"precision":null,"premultipliedAlpha":false,"refractionRatio":0.98,"roughness":0.5,"roughnessMap":null,"shadowSide":null,"side":0,"skinning":false,"transparent":false,"type":"MeshStandardMaterial","userData":{},"uuid":"44538FC6-FBE1-4651-B005-F90F2580504C","vertexColors":0,"visible":true,"wireframe":false,"wireframeLinecap":"round","wireframeLinejoin":"round","wireframeLinewidth":1}},{"_id":"5c80f9ffc8b49a557cb68933","metadata":{"generator":"MeshSerializer","type":"Object","version":"0.0.1"},"castShadow":true,"children":[],"frustumCulled":true,"layers":{"mask":1},"matrix":{"elements":[1,0,0,0,0,1,0,0,0,0,1,0,-3.8775048302018469,0.62544443077551448,1.9607881425308991,1]},"matrixAutoUpdate":true,"matrixWorld":{"elements":[1,0,0,0,0,1,0,0,0,0,1,0,-3.8775048302018469,0.62544443077551448,1.9607881425308991,1]},"matrixWorldNeedsUpdate":false,"modelViewMatrix":{"elements":[0.95954962998479032,-0.10829633490379793,0.25987768554159568,0,-2.7755575615628914E-17,0.92305931066523639,0.38465765167772065,0,-0.28153953114270119,-0.36909810733817522,0.88572122000284315,0,-5.37021523160392,0.26947731638346528,-11.854494549406791,1]},"name":"二十面体","normalMatrix":{"elements":[0.95954962998479032,-0.10829633490379791,0.25987768554159563,-4.163336342344337E-17,0.92305931066523639,0.38465765167772065,-0.28153953114270125,-0.36909810733817522,0.88572122000284315]},"parent":"F321107D-B892-4A78-93A1-5ACF4C969F91","position":{"x":-3.8775048302018469,"y":0.62544443077551448,"z":1.9607881425308991},"quaternion":{"x":0,"y":0,"z":0,"w":1},"receiveShadow":true,"renderOrder":0,"rotation":{"x":0,"y":0,"z":0,"order":"XYZ"},"scale":{"x":1,"y":1,"z":1},"type":"Mesh","up":{"x":0,"y":1,"z":0},"userData":{},"uuid":"B6557000-8567-4CB6-A6D7-13657992F1EE","visible":true,"isObject3D":true,"drawMode":0,"geometry":{"metadata":{"generator":"IcosahedronBufferGeometrySerializer","type":"Object","version":"0.0.1"},"boundingBox":null,"boundingSphere":{"center":{"x":0,"y":0,"z":0},"radius":1.000000019576136},"drawRange":{"start":0,"count":null},"groups":[],"morphAttributes":{},"name":"","parameters":{"radius":1,"detail":2},"type":"IcosahedronBufferGeometry","userData":{},"uuid":"A332D6FB-C38A-4C21-A8BD-2F4E33B27A75"},"material":{"metadata":{"generator":"MeshStandardMaterialSerializer","type":"Object","version":"0.0.1"},"alphaMap":null,"alphaTest":0,"aoMap":null,"aoMapIntensity":1,"blendDst":205,"blendDstAlpha":null,"blendEquation":100,"blendEquationAlpha":null,"blendSrc":204,"blendSrcAlpha":null,"blending":1,"bumpMap":null,"bumpScale":1,"clipIntersection":false,"clippingPlanes":null,"color":16777215,"colorWrite":true,"depthFunc":3,"depthTest":true,"depthWrite":true,"displacementBias":0,"displacementMap":null,"displacementScale":1,"dithering":false,"emissive":0,"emissiveIntensity":1,"emissiveMap":null,"envMap":null,"envMapIntensity":1,"flatShading":false,"fog":true,"lightMap":null,"lightMapIntensity":1,"lights":true,"map":null,"metalness":0.5,"metalnessMap":null,"morphNormals":false,"morphTargets":false,"name":"","normalMap":null,"normalScale":{"x":1,"y":1},"opacity":1,"polygonOffset":false,"polygonOffsetFactor":0,"polygonOffsetUnits":0,"precision":null,"premultipliedAlpha":false,"refractionRatio":0.98,"roughness":0.5,"roughnessMap":null,"shadowSide":null,"side":0,"skinning":false,"transparent":false,"type":"MeshStandardMaterial","userData":{},"uuid":"38B46627-83EF-4990-B394-A3AE96F4C075","vertexColors":0,"visible":true,"wireframe":false,"wireframeLinecap":"round","wireframeLinejoin":"round","wireframeLinewidth":1}},{"_id":"5c80f9ffc8b49a557cb68934","metadata":{"generator":"MeshSerializer","type":"Object","version":"0.0.1"},"castShadow":true,"children":[],"frustumCulled":true,"layers":{"mask":1},"matrix":{"elements":[1,0,0,0,0,1,0,0,0,0,1,0,6.1135423173087959,0.60287444768503429,1.8310029787349835,1]},"matrixAutoUpdate":true,"matrixWorld":{"elements":[1,0,0,0,0,1,0,0,0,0,1,0,6.1135423173087959,0.60287444768503429,1.8310029787349835,1]},"matrixWorldNeedsUpdate":false,"modelViewMatrix":{"elements":[0.95954962998479032,-0.10829633490379793,0.25987768554159568,0,-2.7755575615628914E-17,0.92305931066523639,0.38465765167772065,0,-0.28153953114270119,-0.36909810733817522,0.88572122000284315,0,4.2532300161148928,-0.78544644625855964,-9.381679530884341,1]},"name":"二十面体","normalMatrix":{"elements":[0.95954962998479032,-0.10829633490379791,0.25987768554159563,-4.163336342344337E-17,0.92305931066523639,0.38465765167772065,-0.28153953114270125,-0.36909810733817522,0.88572122000284315]},"parent":"F321107D-B892-4A78-93A1-5ACF4C969F91","position":{"x":6.1135423173087959,"y":0.60287444768503429,"z":1.8310029787349835},"quaternion":{"x":0,"y":0,"z":0,"w":1},"receiveShadow":true,"renderOrder":0,"rotation":{"x":0,"y":0,"z":0,"order":"XYZ"},"scale":{"x":1,"y":1,"z":1},"type":"Mesh","up":{"x":0,"y":1,"z":0},"userData":{},"uuid":"397780A7-B709-46C6-8771-56C533DDCF99","visible":true,"isObject3D":true,"drawMode":0,"geometry":{"metadata":{"generator":"IcosahedronBufferGeometrySerializer","type":"Object","version":"0.0.1"},"boundingBox":null,"boundingSphere":{"center":{"x":0,"y":0,"z":0},"radius":1.000000019576136},"drawRange":{"start":0,"count":null},"groups":[],"morphAttributes":{},"name":"","parameters":{"radius":1,"detail":2},"type":"IcosahedronBufferGeometry","userData":{},"uuid":"FD42F2F4-87B2-4B5E-8BFB-FF4CF5871DE8"},"material":{"metadata":{"generator":"MeshStandardMaterialSerializer","type":"Object","version":"0.0.1"},"alphaMap":null,"alphaTest":0,"aoMap":null,"aoMapIntensity":1,"blendDst":205,"blendDstAlpha":null,"blendEquation":100,"blendEquationAlpha":null,"blendSrc":204,"blendSrcAlpha":null,"blending":1,"bumpMap":null,"bumpScale":1,"clipIntersection":false,"clippingPlanes":null,"color":16777215,"colorWrite":true,"depthFunc":3,"depthTest":true,"depthWrite":true,"displacementBias":0,"displacementMap":null,"displacementScale":1,"dithering":false,"emissive":0,"emissiveIntensity":1,"emissiveMap":null,"envMap":null,"envMapIntensity":1,"flatShading":false,"fog":true,"lightMap":null,"lightMapIntensity":1,"lights":true,"map":null,"metalness":0.5,"metalnessMap":null,"morphNormals":false,"morphTargets":false,"name":"","normalMap":null,"normalScale":{"x":1,"y":1},"opacity":1,"polygonOffset":false,"polygonOffsetFactor":0,"polygonOffsetUnits":0,"precision":null,"premultipliedAlpha":false,"refractionRatio":0.98,"roughness":0.5,"roughnessMap":null,"shadowSide":null,"side":0,"skinning":false,"transparent":false,"type":"MeshStandardMaterial","userData":{},"uuid":"359BFB3F-0C39-4251-92EB-8A87D6AC46BD","vertexColors":0,"visible":true,"wireframe":false,"wireframeLinecap":"round","wireframeLinejoin":"round","wireframeLinewidth":1}},{"_id":"5c80f9ffc8b49a557cb68935","metadata":{"generator":"MeshSerializer","type":"Object","version":"0.0.1"},"castShadow":true,"children":[],"frustumCulled":true,"layers":{"mask":1},"matrix":{"elements":[0.2,0,0,0,0,0.2,0,0,0,0,0.2,0,3.3236001501017829,0.6914033856471431,1.8786084373856067,1]},"matrixAutoUpdate":true,"matrixWorld":{"elements":[0.2,0,0,0,0,0.2,0,0,0,0,0.2,0,3.3236001501017829,0.6914033856471431,1.8786084373856067,1]},"matrixWorldNeedsUpdate":false,"modelViewMatrix":{"elements":[0.19190992599695808,-0.021659266980759588,0.051975537108319141,0,-5.551115123125783E-18,0.18461186213304728,0.076931530335544132,0,-0.05630790622854024,-0.073819621467635044,0.17714424400056863,0,1.56273922338411,-0.41915955919416215,-10.030504745796151,1]},"name":"轮胎","normalMatrix":{"elements":[4.7977481499239509,-0.54148167451898954,1.2993884277079779,-1.6263032587282562E-16,4.6152965533261812,1.9232882583886031,-1.4076976557135061,-1.8454905366908758,4.428606100014215]},"parent":"F321107D-B892-4A78-93A1-5ACF4C969F91","position":{"x":3.3236001501017829,"y":0.6914033856471431,"z":1.8786084373856067},"quaternion":{"x":0,"y":0,"z":0,"w":1},"receiveShadow":true,"renderOrder":0,"rotation":{"x":0,"y":0,"z":0,"order":"XYZ"},"scale":{"x":"0.20","y":"0.20","z":"0.20"},"type":"Mesh","up":{"x":0,"y":1,"z":0},"userData":{},"uuid":"BC78DF89-FC70-49BA-8EDD-BFF44D0B41E9","visible":true,"isObject3D":true,"drawMode":0,"geometry":{"metadata":{"generator":"TorusBufferGeometrySerializer","type":"Object","version":"0.0.1"},"boundingBox":null,"boundingSphere":{"center":{"x":0,"y":0,"z":0},"radius":3.0000000359370249},"drawRange":{"start":0,"count":null},"groups":[],"morphAttributes":{},"name":"","parameters":{"radius":2,"tube":1,"radialSegments":32,"tubularSegments":32,"arc":6.2831853071795862},"type":"TorusBufferGeometry","userData":{},"uuid":"5DA7D1F3-B8EC-4436-8F74-D3ED2F2D004C"},"material":{"metadata":{"generator":"MeshStandardMaterialSerializer","type":"Object","version":"0.0.1"},"alphaMap":null,"alphaTest":0,"aoMap":null,"aoMapIntensity":1,"blendDst":205,"blendDstAlpha":null,"blendEquation":100,"blendEquationAlpha":null,"blendSrc":204,"blendSrcAlpha":null,"blending":1,"bumpMap":null,"bumpScale":1,"clipIntersection":false,"clippingPlanes":null,"color":16777215,"colorWrite":true,"depthFunc":3,"depthTest":true,"depthWrite":true,"displacementBias":0,"displacementMap":null,"displacementScale":1,"dithering":false,"emissive":0,"emissiveIntensity":1,"emissiveMap":null,"envMap":null,"envMapIntensity":1,"flatShading":false,"fog":true,"lightMap":null,"lightMapIntensity":1,"lights":true,"map":null,"metalness":0.5,"metalnessMap":null,"morphNormals":false,"morphTar