[{"_id":"5c8e0cb2c8b49c4b94cbcf45","metadata":{"generator":"OptionsSerializer","type":"Object","version":"0.0.1"},"server":"http://localhost:2000","theme":"assets/css/light.css","showGrid":true,"showCameraHelper":true,"showPointLightHelper":false,"showDirectionalLightHelper":true,"showSpotLightHelper":true,"showHemisphereLightHelper":true,"showRectAreaLightHelper":true,"showSkeletonHelper":false,"selected":"78D1D2CF-9C40-448E-82F2-FA00910C00C6"},{"_id":"5c8e0cb2c8b49c4b94cbcf46","metadata":{"generator":"PerspectiveCameraSerializer","type":"Object","version":"0.0.1"},"castShadow":false,"children":["BBEA0A62-E191-44FA-8163-CF38C130E6A3","FE0D03E4-4007-4B30-A2F8-09852BCEB9A3"],"frustumCulled":true,"layers":{"mask":1},"matrix":{"elements":[0.69282417171074684,0,-0.72110655737783824,0,-0.23355828960480757,0.94609517930087561,-0.22439794353006198,0,0.682235437697423,0.32388873352378905,0.6554776089586597,0,24.998493667714666,11.867941778816734,24.018032414418656,1]},"matrixAutoUpdate":true,"matrixWorld":{"elements":[0.69282417171074684,0,-0.72110655737783824,0,-0.23355828960480757,0.94609517930087561,-0.22439794353006198,0,0.682235437697423,0.32388873352378905,0.6554776089586597,0,24.998493667714666,11.867941778816734,24.018032414418656,1]},"matrixWorldNeedsUpdate":false,"modelViewMatrix":{"elements":[1,0,0,0,0,1,0,0,0,0,1,0,0,0,0,1]},"name":"默认相机","normalMatrix":{"elements":[1,0,0,0,1,0,0,0,1]},"parent":null,"position":{"x":24.998493667714666,"y":11.867941778816734,"z":24.018032414418656},"quaternion":{"x":-0.1510392196179618,"y":0.38658550109628692,"z":0.06433944736131407,"w":0.90752368563722374},"receiveShadow":false,"renderOrder":0,"rotation":{"x":-0.45893762737570076,"y":0.75081579013374344,"z":0.32514612633926532,"order":"XYZ"},"scale":{"x":1,"y":1,"z":1},"type":"PerspectiveCamera","up":{"x":0,"y":1,"z":0},"userData":{"isDefault":true,"control":"OrbitControls"},"uuid":"6A807B38-94A2-4D12-B1E4-FE120C4C9F06","visible":true,"isObject3D":true,"matrixWorldInverse":{"elements":[0.69282417171074684,-0.23355828960480754,0.682235437697423,0,0,0.94609517930087561,0.32388873352378911,0,-0.72110655737783824,-0.22439794353006196,0.6554776089586597,0,1.1102230246251565E-15,-5.3290705182007514E-15,-36.642033360339312,1]},"projectionMatrix":{"elements":[0.99587786462210648,0,0,0,0,2.1445069205095586,0,0,0,0,-1.0000200002000021,-1,0,0,-0.20000200002000021,0]},"aspect":2.1533834586466165,"far":10000,"filmGauge":35,"filmOffset":0,"focus":10,"fov":50,"near":0.1,"view":null,"zoom":1},{"_id":"5c8e0cb2c8b49c4b94cbcf47","metadata":{"generator":"WebGLRendererSerializer","type":"Object","version":"0.0.1"},"antialias":true,"autoClear":false,"autoClearColor":true,"autoClearDepth":true,"autoClearStencil":true,"autoUpdateScene":false,"clippingPlanes":[],"gammaFactor":2,"gammaInput":false,"gammaOutput":false,"localClippingEnabled":false,"physicallyCorrectLights":false,"shadowMap":{"metadata":{"generator":"WebGLShadowMapSerializer","type":"Object","version":"0.0.1"},"autoUpdate":true,"enabled":true,"needsUpdate":false,"type":2},"sortObjects":true,"toneMapping":1,"toneMappingExposure":1,"toneMappingWhitePoint":1},{"_id":"5c8e0cb2c8b49c4b94cbcf48","metadata":{"generator":"ScriptSerializer","type":"Object","version":"0.0.1"},"id":0,"name":"添加物体","type":"javascript","source":"var geometries = [\n\tnew THREE.BoxBufferGeometry(1, 1, 1),\n\tnew THREE.CircleBufferGeometry(1, 32),\n\tnew THREE.CylinderBufferGeometry(1, 1, 2, 32, 1, false),\n\tnew THREE.IcosahedronBufferGeometry(1, 2),\n\tnew THREE.SphereBufferGeometry(1, 32, 16, 0, Math.PI * 2, 0, Math.PI),\n\tnew THREE.TeapotBufferGeometry(1, 10, true, true, true, true, true),\n\tnew THREE.TorusBufferGeometry(1, 0.5, 32, 32, Math.PI * 2),\n\tnew THREE.TorusKnotBufferGeometry(1, 0.4, 64, 12, 2, 3)\n];\n\nvar lastAddTime = 0;\n\nfunction createGeometry() {\n\tvar geometry = geometries[~~(Math.random() * geometries.length)];\n\treturn geometry;\n}\n\nfunction createMaterial() {\n\treturn  new THREE.MeshPhongMaterial({\n\t\tcolor: 0xffffff * Math.random()\n\t});\n}\n\n// 程序运行过程中，每帧都要执行\nfunction update(clock, deltaTime) {\n\tvar time = ~~(clock.getElapsedTime() * 5);\n\t\n\tif(time === lastAddTime) {\n\t\treturn;\n\t}\n\t\n\tlastAddTime = time;\n\t\n\tvar geometry = createGeometry();\n\tvar material = createMaterial();\n\t\n\tvar mesh = new THREE.Mesh(geometry, material);\n\t\n\tmesh.position.y = 30;\n\t\n\tmesh.rotation.set(\n\t\tMath.random() * Math.PI * 2,\n\t\tMath.random() * Math.PI * 2,\n\t\tMath.random() * Math.PI * 2\n\t);\n\t\n\tmesh.castShadow = true;\n\tmesh.receiveShadow = true;\n\t\n\tmesh.userData.physics = {\n        enabled: true,\n\t\ttype: 'rigidBody',\n        shape: 'btBoxShape',\n        mass: 1,\n        inertia: {\n            x: 0,\n            y: 0,\n            z: 0,\n        }\n\t};\n\t\n\tapp.addPhysicsObject(mesh);\n}\n","uuid":"9896F3A6-99B5-4D48-9ACE-18E32C42BFBD"},{"_id":"5c38a902c8b49a2b48418840","metadata":{"generator":"AnimationSerializer","type":"Object","version":"0.0.1"},"id":"5c38a83bc8b49a2b48418833","uuid":"27227EB2-D11C-4700-9D72-67FD8D51623A","name":"组1","type":"AnimationGroup","index":1,"animations":[]},{"_id":"5c38a902c8b49a2b48418841","metadata":{"generator":"AnimationSerializer","type":"Object","version":"0.0.1"},"id":"5c38a83bc8b49a2b48418834","uuid":"B739E71C-3D7B-40B9-9167-AC2D20A53804","name":"组2","type":"AnimationGroup","index":1,"animations":[]},{"_id":"5c38a902c8b49a2b48418842","metadata":{"generator":"AnimationSerializer","type":"Object","version":"0.0.1"},"id":"5c38a83bc8b49a2b48418835","uuid":"FE783256-2255-4EC3-9DA6-A0FAB3C66B63","name":"组3","type":"AnimationGroup","index":2,"animations":[]},{"_id":"5c8e0cb2c8b49c4b94cbcf49","metadata":{"generator":"AudioListenerSerializer","type":"Object","version":"0.0.1"},"castShadow":false,"children":[],"frustumCulled":true,"layers":{"mask":1},"matrix":{"elements":[1,0,0,0,0,1,0,0,0,0,1,0,0,0,0,1]},"matrixAutoUpdate":true,"matrixWorld":{"elements":[0.69282417171074684,0,-0.72110655737783824,0,-0.23355828960480757,0.94609517930087561,-0.22439794353006198,0,0.682235437697423,0.32388873352378905,0.6554776089586597,0,24.998493667714666,11.867941778816734,24.018032414418656,1]},"matrixWorldNeedsUpdate":false,"modelViewMatrix":{"elements":[1,0,0,0,0,1,0,0,0,0,1,0,0,0,0,1]},"name":"音频监听器","normalMatrix":{"elements":[1,0,0,0,1,0,0,0,1]},"parent":"6A807B38-94A2-4D12-B1E4-FE120C4C9F06","position":{"x":0,"y":0,"z":0},"quaternion":{"x":0,"y":0,"z":0,"w":1},"receiveShadow":false,"renderOrder":0,"rotation":{"x":0,"y":0,"z":0,"order":"XYZ"},"scale":{"x":1,"y":1,"z":1},"type":"AudioListener","up":{"x":0,"y":1,"z":0},"userData":{},"uuid":"BBEA0A62-E191-44FA-8163-CF38C130E6A3","visible":true,"isObject3D":true,"masterVolume":1},{"_id":"5c8e0cb2c8b49c4b94cbcf4a","metadata":{"generator":"SceneSerializer","type":"Object","version":"0.0.1"},"castShadow":false,"children":["B219B540-444F-4C81-9F83-530EA418B0DD","D4FBC469-A07A-43A2-BF73-76CB0EDA8E6E","78D1D2CF-9C40-448E-82F2-FA00910C00C6"],"frustumCulled":true,"layers":{"mask":1},"matrix":{"elements":[1,0,0,0,0,1,0,0,0,0,1,0,0,0,0,1]},"matrixAutoUpdate":true,"matrixWorld":{"elements":[1,0,0,0,0,1,0,0,0,0,1,0,0,0,0,1]},"matrixWorldNeedsUpdate":false,"modelViewMatrix":{"elements":[1,0,0,0,0,1,0,0,0,0,1,0,0,0,0,1]},"name":"场景","normalMatrix":{"elements":[1,0,0,0,1,0,0,0,1]},"parent":null,"position":{"x":0,"y":0,"z":0},"quaternion":{"x":0,"y":0,"z":0,"w":1},"receiveShadow":false,"renderOrder":0,"rotation":{"x":0,"y":0,"z":0,"order":"XYZ"},"scale":{"x":1,"y":1,"z":1},"type":"Scene","up":{"x":0,"y":1,"z":0},"userData":{"postProcessing":{"fxaa":{"enabled":true}}},"uuid":"AE691E78-A2A2-4307-9A7F-609282A1BA54","visible":true,"isObject3D":true,"background":11184810,"fog":null,"overrideMaterial":null},{"_id":"5c8e0cb2c8b49c4b94cbcf4b","metadata":{"generator":"AmbientLightSerializer","type":"Object","version":"0.0.1"},"children":[],"frustumCulled":true,"layers":{"mask":1},"matrix":{"elements":[1,0,0,0,0,1,0,0,0,0,1,0,0,0,0,1]},"matrixAutoUpdate":true,"matrixWorld":{"elements":[1,0,0,0,0,1,0,0,0,0,1,0,0,0,0,1]},"matrixWorldNeedsUpdate":false,"modelViewMatrix":{"elements":[1,0,0,0,0,1,0,0,0,0,1,0,0,0,0,1]},"name":"环境光","normalMatrix":{"elements":[1,0,0,0,1,0,0,0,1]},"parent":"AE691E78-A2A2-4307-9A7F-609282A1BA54","position":{"x":0,"y":0,"z":0},"quaternion":{"x":0,"y":0,"z":0,"w":1},"renderOrder":0,"rotation":{"x":0,"y":0,"z":0,"order":"XYZ"},"scale":{"x":1,"y":1,"z":1},"type":"AmbientLight","up":{"x":0,"y":1,"z":0},"userData":{},"uuid":"B219B540-444F-4C81-9F83-530EA418B0DD","visible":true,"isObject3D":true,"color":16777215,"intensity":0.324,"isLight":true,"shadow":null,"isAmbientLight":true},{"_id":"5c8e0cb2c8b49c4b94cbcf4c","metadata":{"generator":"DirectionalLightSerializer","type":"Object","version":"0.0.1"},"castShadow":true,"children":[],"frustumCulled":true,"layers":{"mask":1},"matrix":{"elements":[1,0,0,0,0,1,0,0,0,0,1,0,5,10,7.5,1]},"matrixAutoUpdate":true,"matrixWorld":{"elements":[1,0,0,0,0,1,0,0,0,0,1,0,5,10,7.5,1]},"matrixWorldNeedsUpdate":false,"modelViewMatrix":{"elements":[1,0,0,0,0,1,0,0,0,0,1,0,0,0,0,1]},"name":"平行光","normalMatrix":{"elements":[1,0,0,0,1,0,0,0,1]},"parent":"AE691E78-A2A2-4307-9A7F-609282A1BA54","position":{"x":5,"y":10,"z":7.5},"quaternion":{"x":0,"y":0,"z":0,"w":1},"renderOrder":0,"rotation":{"x":0,"y":0,"z":0,"order":"XYZ"},"scale":{"x":1,"y":1,"z":1},"type":"DirectionalLight","up":{"x":0,"y":1,"z":0},"userData":{},"uuid":"D4FBC469-A07A-43A2-BF73-76CB0EDA8E6E","visible":true,"isObject3D":true,"color":16777215,"intensity":0.626,"isLight":true,"shadow":{"metadata":{"generator":"DirectionalLightShadowSerializer","type":"Object","version":"0.0.1"},"bias":0,"camera":{"metadata":{"generator":"OrthographicCameraSerializer","type":"Object","version":"0.0.1"},"castShadow":false,"children":[],"frustumCulled":true,"layers":{"mask":1},"matrix":{"elements":[0.83205029433784372,2.7755575615628914E-17,-0.554700196225229,0,-0.41202096209968375,0.66953406341198618,-0.61803144314952574,0,0.37139067635410372,0.74278135270820744,0.55708601453115558,0,5,10,7.5,1]},"matrixAutoUpdate":true,"matrixWorld":{"elements":[0.83205029433784372,2.7755575615628914E-17,-0.554700196225229,0,-0.41202096209968375,0.66953406341198618,-0.61803144314952574,0,0.37139067635410372,0.74278135270820744,0.55708601453115558,0,5,10,7.5,1]},"matrixWorldNeedsUpdate":false,"modelViewMatrix":{"elements":[1,0,0,0,0,1,0,0,0,0,1,0,0,0,0,1]},"name":"","normalMatrix":{"elements":[1,0,0,0,1,0,0,0,1]},"parent":null,"position":{"x":5,"y":10,"z":7.5},"quaternion":{"x":-0.38904698186552672,"y":0.26476298577359092,"z":0.1177939480420426,"w":0.87445273918619892},"receiveShadow":false,"renderOrder":0,"rotation":{"x":-0.92729521800161219,"y":0.3805063771123649,"z":0.45979025757734426,"order":"XYZ"},"scale":{"x":1,"y":1,"z":1},"type":"OrthographicCamera","up":{"x":0,"y":1,"z":0},"userData":{},"uuid":"56FC0389-04F1-46A6-A72C-C66A42FBD76D","visible":true,"isObject3D":true,"matrixWorldInverse":{"elements":[0.83205029433784372,-0.41202096209968375,0.37139067635410367,0,-5.5511151231257827E-17,0.66953406341198618,0.74278135270820744,0,-0.55470019622522915,-0.61803144314952574,0.55708601453115558,0,0,0,-13.46291201783626,1]},"projectionMatrix":{"elements":[0.05,0,0,0,0,0.05,0,0,0,0,-0.0040008001600320064,0,0,0,-1.0004000800160033,1]},"bottom":-20,"far":500,"left":-20,"near":0.1,"right":20,"top":20,"view":null,"zoom":1},"map":{"metadata":{"generator":"WebGLRenderTargetSerializer","type":"Object","version":"0.0.1"},"depthBuffer":true,"depthTexture":null,"height":2048,"scissor":{"x":0,"y":0,"z":2048,"w":2048},"scissorTest":false,"stencilBuffer":true,"texture":{"metadata":{"generator":"TextureSerializer","type":"Object","version":"0.0.1"},"anisotropy":1,"center":{"x":0,"y":0},"encoding":3000,"flipY":true,"format":1023,"generateMipmaps":false,"image":null,"magFilter":1003,"mapping":300,"matrix":{"elements":[1,0,0,0,1,0,0,0,1]},"matrixAutoUpdate":true,"minFilter":1003,"mipmaps":[],"name":"平行光.shadowMap","offset":{"x":0,"y":0},"premultiplyAlpha":false,"repeat":{"x":1,"y":1},"rotation":0,"type":1009,"unpackAlignment":4,"uuid":"7DA0B3B2-10F0-4CA5-BA8A-CC6A2AAB6A5A","version":0,"wrapS":1001,"wrapT":1001,"isTexture":true},"viewport":{"x":0,"y":0,"z":2048,"w":2048},"width":2048,"isWebGLRenderTarget":true},"mapSize":{"x":2048,"y":2048},"matrix":{"elements":[0.020801257358446096,-0.010300524052492094,-0.00074292993869594652,0,-1.3877787807814458E-18,0.016738351585299655,-0.0014858598773918933,0,-0.013867504905630729,-0.015450786078738144,-0.00111439490804392,0,0.5,0.5,0.0267311702697264,1]},"radius":1},"isDirectionalLight":true},{"_id":"5c8e0cb2c8b49c4b94cbcf4d","metadata":{"generator":"MeshSerializer","type":"Object","version":"0.0.1"},"castShadow":true,"children":[],"frustumCulled":true,"layers":{"mask":1},"matrix":{"elements":[1,0,0,0,0,2.2204460492503131E-16,-1,0,0,1,2.2204460492503131E-16,0,0,0,0,1]},"matrixAutoUpdate":true,"matrixWorld":{"elements":[1,0,0,0,0,2.2204460492503131E-16,-1,0,0,1,2.2204460492503131E-16,0,0,0,0,1]},"matrixWorldNeedsUpdate":false,"modelViewMatrix":{"elements":[0.69282417171074684,-0.23355828960480754,0.682235437697423,0,0.72110655737783824,0.22439794353006218,-0.65547760895865959,0,-1.6011782064181151E-16,0.94609517930087561,0.32388873352378927,0,1.1102230246251565E-15,-5.3290705182007514E-15,-36.642033360339312,1]},"name":"平面","normalMatrix":{"elements":[0.692824171710747,-0.23355828960480765,0.68223543769742312,0.72110655737783835,0.22439794353006226,-0.65547760895865981,-1.6653345369377353E-16,0.94609517930087561,0.32388873352378922]},"parent":"AE691E78-A2A2-4307-9A7F-609282A1BA54","position":{"x":0,"y":0,"z":0},"quaternion":{"x":-0.70710678118654746,"y":0,"z":0,"w":0.70710678118654757},"receiveShadow":true,"renderOrder":0,"rotation":{"x":-1.5707963267948966,"y":0,"z":0,"order":"XYZ"},"scale":{"x":1,"y":1,"z":1},"type":"Mesh","up":{"x":0,"y":1,"z":0},"userData":{"physics":{"enabled":true,"shape":"btBoxShape","mass":0,"inertia":{"x":0,"y":0,"z":0},"type":"rigidBody"}},"uuid":"78D1D2CF-9C40-448E-82F2-FA00910C00C6","visible":true,"isObject3D":true,"drawMode":0,"geometry":{"metadata":{"generator":"PlaneBufferGeometrySerializer","type":"Object","version":"0.0.1"},"boundingBox":null,"boundingSphere":{"center":{"x":0,"y":0,"z":0},"radius":35.355339059327378},"drawRange":{"start":0,"count":null},"groups":[],"morphAttributes":{},"name":"","parameters":{"width":50,"height":50},"type":"PlaneBufferGeometry","userData":{},"uuid":"2572096D-5188-4011-8B02-6E8A88751E5F"},"material":{"metadata":{"generator":"MeshPhongMaterialSerializer","type":"Object","version":"0.0.1"},"alphaMap":null,"alphaTest":0,"aoMap":null,"aoMapIntensity":1,"blendDst":205,"blendDstAlpha":null,"blendEquation":100,"blendEquationAlpha":null,"blendSrc":204,"blendSrcAlpha":null,"blending":1,"bumpMap":null,"bumpScale":1,"clipIntersection":false,"clippingPlanes":null,"color":16777215,"colorWrite":true,"depthFunc":3,"depthTest":true,"depthWrite":true,"displacementBias":0,"displacementMap":null,"displacementScale":1,"dithering":false,"emissive":0,"emissiveIntensity":1,"emissiveMap":null,"envMap":null,"flatShading":false,"fog":true,"lightMap":null,"lightMapIntensity":1,"lights":true,"map":{"metadata":{"generator":"TextureSerializer","type":"Object","version":"0.0.1"},"anisotropy":1,"center":{"x":0,"y":0},"encoding":3000,"flipY":true,"format":1023,"generateMipmaps":true,"image":{"tagName":"img","src":"/Upload/Texture/20190104125139/grid.png","width":64,"height":64},"magFilter":1006,"mapping":300,"matrix":{"elements":[16,0,0,0,16,0,0,0,1]},"matrixAutoUpdate":true,"minFilter":1008,"mipmaps":[],"name":"grid","offset":{"x":0,"y":0},"premultiplyAlpha":false,"repeat":{"x":16,"y":16},"rotation":0,"type":1009,"unpackAlignment":4,"uuid":"E0653513-8C53-4FFA-A836-19BD382CEB5B","version":9,"wrapS":1000,"wrapT":1000,"isTexture":true},"metalnessMap":null,"morphNormals":false,"morphTargets":false,"name":"","normalMap":null,"normalScale":{"x":1,"y":1},"opacity":1,"polygonOffset":false,"polygonOffsetFactor":0,"polygonOffsetUnits":0,"precision":null,"premultipliedAlpha":false,"refractionRatio":0.98,"roughnessMap":null,"shadowSide":null,"side":0,"skinning":false,"transparent":false,"type":"MeshPhongMaterial","userData":{},"uuid":"8054F5C8-AAA3-442C-8079-0D049C92CD66","vertexColors":0,"visible":true,"wireframe":false,"wireframeLinecap":"round","wireframeLinejoin":"round","wireframeLinewidth":1}}]