[{"_id":"5c8cfa2ec8b49b24dceb4328","metadata":{"generator":"OptionsSerializer","type":"Object","version":"0.0.1"},"server":"http://localhost:2000","theme":"assets/css/light.css","showGrid":true,"showCameraHelper":true,"showPointLightHelper":false,"showDirectionalLightHelper":true,"showSpotLightHelper":true,"showHemisphereLightHelper":true,"showRectAreaLightHelper":true,"showSkeletonHelper":false,"selected":"E0DC329E-B6E6-48C3-A083-A0ADF2A31497"},{"_id":"5c8cfa2ec8b49b24dceb4329","metadata":{"generator":"PerspectiveCameraSerializer","type":"Object","version":"0.0.1"},"castShadow":false,"children":["3F0E87B7-3BA1-4901-9812-80DA299E22CE","D7923AF9-4E6D-4D95-A5C0-FF1E51A0AEA2"],"frustumCulled":true,"layers":{"mask":1},"matrix":{"elements":[0.9991841051685979,0,-0.040387175915484519,0,-0.011542490936448845,0.9582904988730403,-0.28556276135491043,0,0.038702646956122896,0.28579594078583326,0.957508634608028,0,1.752435937829838,20.095041136729456,28.866510959816704,1]},"matrixAutoUpdate":true,"matrixWorld":{"elements":[0.9991841051685979,0,-0.040387175915484519,0,-0.011542490936448845,0.9582904988730403,-0.28556276135491043,0,0.038702646956122896,0.28579594078583326,0.957508634608028,0,1.752435937829838,20.095041136729456,28.866510959816704,1]},"matrixWorldNeedsUpdate":false,"modelViewMatrix":{"elements":[1,0,0,0,0,1,0,0,0,0,1,0,0,0,0,1]},"name":"默认相机","normalMatrix":{"elements":[1,0,0,0,1,0,0,0,1]},"parent":null,"position":{"x":1.752435937829838,"y":20.095041136729456,"z":28.866510959816704},"quaternion":{"x":-0.14438228049827437,"y":0.019985989445198572,"z":0.0029167861761640367,"w":0.989315829077053},"receiveShadow":false,"renderOrder":0,"rotation":{"x":-0.290060530632444,"y":0.038712315557484014,"z":0.011551402270936977,"order":"XYZ"},"scale":{"x":1,"y":1,"z":1},"type":"PerspectiveCamera","up":{"x":0,"y":1,"z":0},"userData":{"isDefault":true,"control":"","orbitOptions":{"minDistance":0,"maxDistance":99999,"minPolarAngle":0,"maxPolarAngle":3.1415926535897931,"minAzimuthAngle":-9999,"maxAzimuthAngle":9999,"enableDamping":false,"dampingFactor":0.25,"enableZoom":true,"zoomSpeed":1,"enableRotate":true,"rotateSpeed":1,"enablePan":true,"panSpeed":1,"screenSpacePanning":false,"keyPanSpeed":7,"autoRotate":false,"autoRotateSpeed":2,"enableKeys":true}},"uuid":"BAB9EB55-C83E-4587-BE63-790D79A0DEB7","visible":true,"isObject3D":true,"matrixWorldInverse":{"elements":[0.999184105168598,-0.011542490936448846,0.0387026469561229,0,-1.7347234759768075E-18,0.95829049887304052,0.28579594078583337,0,-0.040387175915484526,-0.28556276135491043,0.95750863460802826,0,-0.58516927820542,-10.993458939494587,-33.450838591248441,1.0000000000000002]},"projectionMatrix":{"elements":[0.99587786462210648,0,0,0,0,2.1445069205095586,0,0,0,0,-1.0000200002000021,-1,0,0,-0.20000200002000021,0]},"aspect":2.1533834586466165,"far":10000,"filmGauge":35,"filmOffset":0,"focus":10,"fov":50,"near":0.1,"view":null,"zoom":1},{"_id":"5c8cfa2ec8b49b24dceb432a","metadata":{"generator":"WebGLRendererSerializer","type":"Object","version":"0.0.1"},"antialias":true,"autoClear":false,"autoClearColor":true,"autoClearDepth":true,"autoClearStencil":true,"autoUpdateScene":false,"clippingPlanes":[],"gammaFactor":2,"gammaInput":false,"gammaOutput":false,"localClippingEnabled":false,"physicallyCorrectLights":false,"shadowMap":{"metadata":{"generator":"WebGLShadowMapSerializer","type":"Object","version":"0.0.1"},"autoUpdate":true,"enabled":true,"needsUpdate":false,"type":2},"sortObjects":true,"toneMapping":1,"toneMappingExposure":1,"toneMappingWhitePoint":1},{"_id":"5c8cfa08c8b49b24dceb4314","metadata":{"generator":"AnimationSerializer","type":"Object","version":"0.0.1"},"id":null,"uuid":"46EE74E2-83C4-41CC-8EEE-9209B979CB19","layer":0,"layerName":"动画层1","animations":[]},{"_id":"5c8cfa08c8b49b24dceb4315","metadata":{"generator":"AnimationSerializer","type":"Object","version":"0.0.1"},"id":null,"uuid":"A56545C3-46CC-45F9-A8FB-9ECE311BCFAE","layer":1,"layerName":"动画层2","animations":[]},{"_id":"5c8cfa08c8b49b24dceb4316","metadata":{"generator":"AnimationSerializer","type":"Object","version":"0.0.1"},"id":null,"uuid":"D93D9A8C-9A12-416F-A955-22173582F962","layer":2,"layerName":"动画层3","animations":[]},{"_id":"5c8cfa2ec8b49b24dceb432b","metadata":{"generator":"AudioListenerSerializer","type":"Object","version":"0.0.1"},"castShadow":false,"children":[],"frustumCulled":true,"layers":{"mask":1},"matrix":{"elements":[1,0,0,0,0,1,0,0,0,0,1,0,0,0,0,1]},"matrixAutoUpdate":true,"matrixWorld":{"elements":[0.9991841051685979,0,-0.040387175915484519,0,-0.011542490936448845,0.9582904988730403,-0.28556276135491043,0,0.038702646956122896,0.28579594078583326,0.957508634608028,0,1.752435937829838,20.095041136729456,28.866510959816704,1]},"matrixWorldNeedsUpdate":false,"modelViewMatrix":{"elements":[1,0,0,0,0,1,0,0,0,0,1,0,0,0,0,1]},"name":"音频监听器","normalMatrix":{"elements":[1,0,0,0,1,0,0,0,1]},"parent":"BAB9EB55-C83E-4587-BE63-790D79A0DEB7","position":{"x":0,"y":0,"z":0},"quaternion":{"x":0,"y":0,"z":0,"w":1},"receiveShadow":false,"renderOrder":0,"rotation":{"x":0,"y":0,"z":0,"order":"XYZ"},"scale":{"x":1,"y":1,"z":1},"type":"AudioListener","up":{"x":0,"y":1,"z":0},"userData":{},"uuid":"3F0E87B7-3BA1-4901-9812-80DA299E22CE","visible":true,"isObject3D":true,"masterVolume":1},{"_id":"5c8cfa2ec8b49b24dceb432c","metadata":{"generator":"SceneSerializer","type":"Object","version":"0.0.1"},"castShadow":false,"children":["212599E4-7936-46BB-9A80-46727185DB71","44A1E5A1-DBCA-44BE-8F09-E0D74C7941CF","D464BBDC-3540-434D-A9B6-AFC4D1E10E61"],"frustumCulled":true,"layers":{"mask":1},"matrix":{"elements":[1,0,0,0,0,1,0,0,0,0,1,0,0,0,0,1]},"matrixAutoUpdate":true,"matrixWorld":{"elements":[1,0,0,0,0,1,0,0,0,0,1,0,0,0,0,1]},"matrixWorldNeedsUpdate":false,"modelViewMatrix":{"elements":[1,0,0,0,0,1,0,0,0,0,1,0,0,0,0,1]},"name":"场景","normalMatrix":{"elements":[1,0,0,0,1,0,0,0,1]},"parent":null,"position":{"x":0,"y":0,"z":0},"quaternion":{"x":0,"y":0,"z":0,"w":1},"receiveShadow":false,"renderOrder":0,"rotation":{"x":0,"y":0,"z":0,"order":"XYZ"},"scale":{"x":1,"y":1,"z":1},"type":"Scene","up":{"x":0,"y":1,"z":0},"userData":{},"uuid":"E0DC329E-B6E6-48C3-A083-A0ADF2A31497","visible":true,"isObject3D":true,"background":{"metadata":{"generator":"CubeTextureSerializer","type":"Object","version":"0.0.1"},"anisotropy":1,"center":{"x":0,"y":0},"encoding":3000,"flipY":false,"format":1022,"generateMipmaps":true,"image":[{"tagName":"img","src":"/Upload/Texture/20181021044853/posX.jpg","width":1024,"height":1024},{"tagName":"img","src":"/Upload/Texture/20181021044853/negX.jpg","width":1024,"height":1024},{"tagName":"img","src":"/Upload/Texture/20181021044853/posY.jpg","width":1024,"height":1024},{"tagName":"img","src":"/Upload/Texture/20181021044853/negY.jpg","width":1024,"height":1024},{"tagName":"img","src":"/Upload/Texture/20181021044853/posZ.jpg","width":1024,"height":1024},{"tagName":"img","src":"/Upload/Texture/20181021044853/negZ.jpg","width":1024,"height":1024}],"magFilter":1006,"mapping":301,"matrix":{"elements":[1,0,0,0,1,0,0,0,1]},"matrixAutoUpdate":true,"minFilter":1008,"mipmaps":[],"name":"","offset":{"x":0,"y":0},"premultiplyAlpha":false,"repeat":{"x":1,"y":1},"rotation":0,"type":1009,"unpackAlignment":4,"uuid":"918501FF-C800-45E5-8A87-4ABF23D74DCB","version":3,"wrapS":1001,"wrapT":1001,"isTexture":true},"fog":null,"overrideMaterial":null},{"_id":"5c8cfa2ec8b49b24dceb432d","metadata":{"generator":"AmbientLightSerializer","type":"Object","version":"0.0.1"},"children":[],"frustumCulled":true,"layers":{"mask":1},"matrix":{"elements":[1,0,0,0,0,1,0,0,0,0,1,0,0,0,0,1]},"matrixAutoUpdate":true,"matrixWorld":{"elements":[1,0,0,0,0,1,0,0,0,0,1,0,0,0,0,1]},"matrixWorldNeedsUpdate":false,"modelViewMatrix":{"elements":[1,0,0,0,0,1,0,0,0,0,1,0,0,0,0,1]},"name":"环境光","normalMatrix":{"elements":[1,0,0,0,1,0,0,0,1]},"parent":"E0DC329E-B6E6-48C3-A083-A0ADF2A31497","position":{"x":0,"y":0,"z":0},"quaternion":{"x":0,"y":0,"z":0,"w":1},"renderOrder":0,"rotation":{"x":0,"y":0,"z":0,"order":"XYZ"},"scale":{"x":1,"y":1,"z":1},"type":"AmbientLight","up":{"x":0,"y":1,"z":0},"userData":{},"uuid":"212599E4-7936-46BB-9A80-46727185DB71","visible":true,"isObject3D":true,"color":16777215,"intensity":0.25,"isLight":true,"shadow":null,"isAmbientLight":true},{"_id":"5c8cfa2ec8b49b24dceb432e","metadata":{"generator":"DirectionalLightSerializer","type":"Object","version":"0.0.1"},"castShadow":true,"children":[],"frustumCulled":true,"layers":{"mask":1},"matrix":{"elements":[1,0,0,0,0,1,0,0,0,0,1,0,5,10,7.5,1]},"matrixAutoUpdate":true,"matrixWorld":{"elements":[1,0,0,0,0,1,0,0,0,0,1,0,5,10,7.5,1]},"matrixWorldNeedsUpdate":false,"modelViewMatrix":{"elements":[1,0,0,0,0,1,0,0,0,0,1,0,0,0,0,1]},"name":"平行光","normalMatrix":{"elements":[1,0,0,0,1,0,0,0,1]},"parent":"E0DC329E-B6E6-48C3-A083-A0ADF2A31497","position":{"x":5,"y":10,"z":7.5},"quaternion":{"x":0,"y":0,"z":0,"w":1},"renderOrder":0,"rotation":{"x":0,"y":0,"z":0,"order":"XYZ"},"scale":{"x":1,"y":1,"z":1},"type":"DirectionalLight","up":{"x":0,"y":1,"z":0},"userData":{},"uuid":"44A1E5A1-DBCA-44BE-8F09-E0D74C7941CF","visible":true,"isObject3D":true,"color":16777215,"intensity":0.41,"isLight":true,"shadow":{"metadata":{"generator":"DirectionalLightShadowSerializer","type":"Object","version":"0.0.1"},"bias":0,"camera":{"metadata":{"generator":"OrthographicCameraSerializer","type":"Object","version":"0.0.1"},"castShadow":false,"children":[],"frustumCulled":true,"layers":{"mask":1},"matrix":{"elements":[0.83205029433784372,2.7755575615628914E-17,-0.554700196225229,0,-0.41202096209968375,0.66953406341198618,-0.61803144314952574,0,0.37139067635410372,0.74278135270820744,0.55708601453115558,0,5,10,7.5,1]},"matrixAutoUpdate":true,"matrixWorld":{"elements":[0.83205029433784372,2.7755575615628914E-17,-0.554700196225229,0,-0.41202096209968375,0.66953406341198618,-0.61803144314952574,0,0.37139067635410372,0.74278135270820744,0.55708601453115558,0,5,10,7.5,1]},"matrixWorldNeedsUpdate":false,"modelViewMatrix":{"elements":[1,0,0,0,0,1,0,0,0,0,1,0,0,0,0,1]},"name":"","normalMatrix":{"elements":[1,0,0,0,1,0,0,0,1]},"parent":null,"position":{"x":5,"y":10,"z":7.5},"quaternion":{"x":-0.38904698186552672,"y":0.26476298577359092,"z":0.1177939480420426,"w":0.87445273918619892},"receiveShadow":false,"renderOrder":0,"rotation":{"x":-0.92729521800161219,"y":0.3805063771123649,"z":0.45979025757734426,"order":"XYZ"},"scale":{"x":1,"y":1,"z":1},"type":"OrthographicCamera","up":{"x":0,"y":1,"z":0},"userData":{},"uuid":"8A1C5826-D886-4E96-8A4C-84B55E31528C","visible":true,"isObject3D":true,"matrixWorldInverse":{"elements":[0.83205029433784372,-0.41202096209968375,0.37139067635410367,0,-5.5511151231257827E-17,0.66953406341198618,0.74278135270820744,0,-0.55470019622522915,-0.61803144314952574,0.55708601453115558,0,0,0,-13.46291201783626,1]},"projectionMatrix":{"elements":[0.05,0,0,0,0,0.05,0,0,0,0,-0.0040008001600320064,0,0,0,-1.0004000800160033,1]},"bottom":-20,"far":500,"left":-20,"near":0.1,"right":20,"top":20,"view":null,"zoom":1},"map":{"metadata":{"generator":"WebGLRenderTargetSerializer","type":"Object","version":"0.0.1"},"depthBuffer":true,"depthTexture":null,"height":2048,"scissor":{"x":0,"y":0,"z":2048,"w":2048},"scissorTest":false,"stencilBuffer":true,"texture":{"metadata":{"generator":"TextureSerializer","type":"Object","version":"0.0.1"},"anisotropy":1,"center":{"x":0,"y":0},"encoding":3000,"flipY":true,"format":1023,"generateMipmaps":false,"image":null,"magFilter":1003,"mapping":300,"matrix":{"elements":[1,0,0,0,1,0,0,0,1]},"matrixAutoUpdate":true,"minFilter":1003,"mipmaps":[],"name":"平行光.shadowMap","offset":{"x":0,"y":0},"premultiplyAlpha":false,"repeat":{"x":1,"y":1},"rotation":0,"type":1009,"unpackAlignment":4,"uuid":"A190A857-A051-43D7-8AFB-F44515A82E99","version":0,"wrapS":1001,"wrapT":1001,"isTexture":true},"viewport":{"x":0,"y":0,"z":2048,"w":2048},"width":2048,"isWebGLRenderTarget":true},"mapSize":{"x":2048,"y":2048},"matrix":{"elements":[0.020801257358446096,-0.010300524052492094,-0.00074292993869594652,0,-1.3877787807814458E-18,0.016738351585299655,-0.0014858598773918933,0,-0.013867504905630729,-0.015450786078738144,-0.00111439490804392,0,0.5,0.5,0.0267311702697264,1]},"radius":0},"isDirectionalLight":true},{"_id":"5c8cfa2ec8b49b24dceb432f","metadata":{"generator":"ServerObject","type":"Object","version":"0.0.1"},"castShadow":false,"children":["5357EEAA-5278-4D02-AB18-51DDEF971127","DE71C8A4-C621-4639-90FE-2BF552BAA4E5","FD0772EE-646F-4FB9-91FC-073E4CC437A1"],"frustumCulled":true,"layers":{"mask":1},"matrix":{"elements":[1,0,0,0,0,1,0,0,0,0,1,0,0,0,0,1]},"matrixAutoUpdate":true,"matrixWorld":{"elements":[1,0,0,0,0,1,0,0,0,0,1,0,0,0,0,1]},"matrixWorldNeedsUpdate":false,"modelViewMatrix":{"elements":[0.999184105168598,-0.011542490936448846,0.0387026469561229,0,-1.7347234759768075E-18,0.95829049887304052,0.28579594078583337,0,-0.040387175915484526,-0.28556276135491043,0.95750863460802826,0,-0.58516927820542,-10.993458939494587,-33.450838591248441,1.0000000000000002]},"name":"miku_v","normalMatrix":{"elements":[0.99918410516859768,-0.011542490936448843,0.038702646956122883,0,0.95829049887304,0.28579594078583315,-0.040387175915484505,-0.28556276135491038,0.95750863460802771]},"parent":"E0DC329E-B6E6-48C3-A083-A0ADF2A31497","position":{"x":0,"y":0,"z":0},"quaternion":{"x":0,"y":0,"z":0,"w":1},"receiveShadow":false,"renderOrder":0,"rotation":{"x":0,"y":0,"z":0,"order":"XYZ"},"scale":{"x":1,"y":1,"z":1},"type":"SkinnedMesh","up":{"x":0,"y":1,"z":0},"userData":{"physics":{"enabled":false,"type":"rigidBody","shape":"btBoxShape","mass":1,"inertia":{"x":0,"y":0,"z":0}},"ID":"5c15e5acc8b49c2110e0c5ea","Name":"miku_v","CategoryID":"5c14636bc8b49a0f001390be","CategoryName":"演示模型","TotalPinYin":"[miku_v]","FirstPinYin":"[miku_v]","Type":"pmd","Url":"/Upload/Model/20181216054204/miku_v2.pmd","AddTime":"0001-01-01 00:00:00","Thumbnail":"/Upload/File/20190303200607/QQ截图20181216141302.png","Server":true,"Animation":{"ID":"5c1611ecc8b49b2c5046d2ff","Name":"wavefile_v2","CategoryID":"5c161204c8b49b2c5046d302","CategoryName":"MMD模型动画","TotalPinYin":"[wavefile_v]","FirstPinYin":"[wavefile_v]","Type":"mmd","Url":"/Upload/Animation/20181216165051/wavefile_v2.vmd","FileName":null,"FileSize":0,"FileType":null,"SaveName":null,"SavePath":null,"AddTime":"0001-01-01 00:00:00","Thumbnail":null},"CameraAnimation":{"ID":"5c1611efc8b49b2c5046d300","Name":"wavefile_camera","CategoryID":"5c16120ac8b49b2c5046d303","CategoryName":"MMD相机动画","TotalPinYin":"[wavefile_camera]","FirstPinYin":"[wavefile_camera]","Type":"mmd","Url":"/Upload/Animation/20181216165055/wavefile_camera.vmd","FileName":null,"FileSize":0,"FileType":null,"SaveName":null,"SavePath":null,"AddTime":"0001-01-01 00:00:00","Thumbnail":null},"Audio":{"ID":"5bb9ec17c8b49b43940044a5","Name":"初音MMD背景音乐","CategoryID":"","CategoryName":"","TotalPinYin":"[chuyinmmdbeijingyinle, chuyinmmdbeijingyinyue]","FirstPinYin":"[cymmdbjyl, cymmdbjyy]","Type":"unknown","Url":"/Upload/Audio/20181007192055/wavefile_short.mp3","Version":0,"CreateTime":"2018-10-07 11:20:55","UpdateTime":"2018-10-07 11:20:55"},"materials":[]},"uuid":"D464BBDC-3540-434D-A9B6-AFC4D1E10E61","visible":true,"isObject3D":true}]