[{"_id":"5c8dfd22c8b49b4b943df68f","metadata":{"generator":"OptionsSerializer","type":"Object","version":"0.0.1"},"server":"http://localhost:2000","theme":"assets/css/light.css","showGrid":true,"showCameraHelper":true,"showPointLightHelper":false,"showDirectionalLightHelper":true,"showSpotLightHelper":true,"showHemisphereLightHelper":true,"showRectAreaLightHelper":true,"showSkeletonHelper":false,"selected":"16F24B16-EC1C-4E46-BD2C-786FCDF0644E"},{"_id":"5c8dfd22c8b49b4b943df690","metadata":{"generator":"PerspectiveCameraSerializer","type":"Object","version":"0.0.1"},"castShadow":false,"children":["BF5F88AA-1225-44E6-926A-CF05C418CB81"],"frustumCulled":true,"layers":{"mask":1},"matrix":{"elements":[0.77149939966309322,-1.3877787807814457E-17,0.63623004984006115,0,0.238845837629294,0.92685967049179863,-0.28962703096050191,0,-0.5896959743517397,0.3754079796912082,0.71507167935635507,0,-144.39239139849471,194.1401431183935,181.41041356520137,1]},"matrixAutoUpdate":true,"matrixWorld":{"elements":[0.77149939966309322,-1.3877787807814457E-17,0.63623004984006115,0,0.238845837629294,0.92685967049179863,-0.28962703096050191,0,-0.5896959743517397,0.3754079796912082,0.71507167935635507,0,-144.39239139849471,194.1401431183935,181.41041356520137,1]},"matrixWorldNeedsUpdate":false,"modelViewMatrix":{"elements":[1,0,0,0,0,1,0,0,0,0,1,0,0,0,0,1]},"name":"默认相机","normalMatrix":{"elements":[1,0,0,0,1,0,0,0,1]},"parent":null,"position":{"x":-144.39239139849471,"y":194.1401431183935,"z":181.41041356520137},"quaternion":{"x":-0.17997781100384266,"y":-0.3317712282101743,"z":-0.0646386285464489,"w":0.92377361262260138},"receiveShadow":false,"renderOrder":0,"rotation":{"x":-0.48344190162152295,"y":-0.63068234509091869,"z":-0.30022842515271247,"order":"XYZ"},"scale":{"x":1,"y":1,"z":1},"type":"PerspectiveCamera","up":{"x":0,"y":1,"z":0},"userData":{"isDefault":true,"control":"OrbitControls","orbitOptions":{"minDistance":0,"maxDistance":99999,"minPolarAngle":1.4,"maxPolarAngle":1.5,"minAzimuthAngle":-9999,"maxAzimuthAngle":9999,"enableDamping":false,"dampingFactor":0.25,"enableZoom":true,"zoomSpeed":1,"enableRotate":true,"rotateSpeed":1,"enablePan":true,"panSpeed":1,"screenSpacePanning":true,"keyPanSpeed":7,"autoRotate":true,"autoRotateSpeed":1,"enableKeys":true}},"uuid":"263BED37-67B3-4E3B-A0CB-3A9CD0A6B0CF","visible":true,"isObject3D":true,"matrixWorldInverse":{"elements":[0.77149939966309322,0.238845837629294,-0.58969597435173959,0,8.3266726846886716E-17,0.9268596704917984,0.37540797969120809,0,0.63623004984006115,-0.28962703096050174,0.715071679356355,0,-4.0201131842371352,-92.911787942868457,-287.75081992055055,0.99999999999999978]},"projectionMatrix":{"elements":[0.99587786462210648,0,0,0,0,2.1445069205095586,0,0,0,0,-1.0000200002000021,-1,0,0,-0.20000200002000021,0]},"aspect":2.1533834586466165,"far":10000,"filmGauge":35,"filmOffset":0,"focus":10,"fov":50,"near":0.1,"view":null,"zoom":1},{"_id":"5c8dfd22c8b49b4b943df691","metadata":{"generator":"WebGLRendererSerializer","type":"Object","version":"0.0.1"},"antialias":true,"autoClear":false,"autoClearColor":true,"autoClearDepth":true,"autoClearStencil":true,"autoUpdateScene":false,"clippingPlanes":[],"gammaFactor":2,"gammaInput":false,"gammaOutput":false,"localClippingEnabled":false,"physicallyCorrectLights":false,"shadowMap":{"metadata":{"generator":"WebGLShadowMapSerializer","type":"Object","version":"0.0.1"},"autoUpdate":true,"enabled":true,"needsUpdate":false,"type":2},"sortObjects":true,"toneMapping":1,"toneMappingExposure":1,"toneMappingWhitePoint":1},{"_id":"5c8dfd22c8b49b4b943df692","metadata":{"generator":"ScriptSerializer","type":"Object","version":"0.0.1"},"id":null,"name":"寒冰射手动画","type":"javascript","source":"var mesh = this.getObjectByName('寒冰射手');\nvar model = mesh.userData.model;\n\n// animNames: attack1,crit,death,idle1,idle2,idle3,idle4,idle5,laugh,run,run2,run3,spell1,spell4,taunt,channel,channel_wndup,dance,joke,attack2,spell3,spell2,taunt_lissandra,taunt_sejuani,spell1_in\nmodel.setAnimation('attack1');\n\nfunction update(clock, deltaTime) { \n    model.update(clock.getElapsedTime() * 1000); \n}","uuid":"6910C3B6-279D-43E0-9572-215C34673B26"},{"_id":"5c8dfd22c8b49b4b943df693","metadata":{"generator":"AnimationSerializer","type":"Object","version":"0.0.1"},"id":null,"uuid":"896F08AB-C914-4DF7-8E06-995BEA8D3559","layer":0,"layerName":"动画层1","animations":[]},{"_id":"5c8dfd22c8b49b4b943df694","metadata":{"generator":"AnimationSerializer","type":"Object","version":"0.0.1"},"id":null,"uuid":"0488D300-E994-4D2D-9DCD-B6E2CEF1B528","layer":1,"layerName":"动画层2","animations":[]},{"_id":"5c8dfd22c8b49b4b943df695","metadata":{"generator":"AnimationSerializer","type":"Object","version":"0.0.1"},"id":null,"uuid":"7AF97777-13E5-47D5-B357-363B90874126","layer":2,"layerName":"动画层3","animations":[]},{"_id":"5c8dfd22c8b49b4b943df696","metadata":{"generator":"AudioListenerSerializer","type":"Object","version":"0.0.1"},"castShadow":false,"children":[],"frustumCulled":true,"layers":{"mask":1},"matrix":{"elements":[1,0,0,0,0,1,0,0,0,0,1,0,0,0,0,1]},"matrixAutoUpdate":true,"matrixWorld":{"elements":[0.77149939966309322,-1.3877787807814457E-17,0.63623004984006115,0,0.238845837629294,0.92685967049179863,-0.28962703096050191,0,-0.5896959743517397,0.3754079796912082,0.71507167935635507,0,-144.39239139849471,194.1401431183935,181.41041356520137,1]},"matrixWorldNeedsUpdate":false,"modelViewMatrix":{"elements":[1,0,0,0,0,1,0,0,0,0,1,0,0,0,0,1]},"name":"音频监听器","normalMatrix":{"elements":[1,0,0,0,1,0,0,0,1]},"parent":"263BED37-67B3-4E3B-A0CB-3A9CD0A6B0CF","position":{"x":0,"y":0,"z":0},"quaternion":{"x":0,"y":0,"z":0,"w":1},"receiveShadow":false,"renderOrder":0,"rotation":{"x":0,"y":0,"z":0,"order":"XYZ"},"scale":{"x":1,"y":1,"z":1},"type":"AudioListener","up":{"x":0,"y":1,"z":0},"userData":{},"uuid":"BF5F88AA-1225-44E6-926A-CF05C418CB81","visible":true,"isObject3D":true,"masterVolume":1},{"_id":"5c8dfd22c8b49b4b943df697","metadata":{"generator":"SceneSerializer","type":"Object","version":"0.0.1"},"castShadow":false,"children":["16F24B16-EC1C-4E46-BD2C-786FCDF0644E","1667CCAA-52BF-4B4D-8412-F4A5774A5FD4","353D69D0-81A5-4D66-ADCD-8940C85FB3C2"],"frustumCulled":true,"layers":{"mask":1},"matrix":{"elements":[1,0,0,0,0,1,0,0,0,0,1,0,0,0,0,1]},"matrixAutoUpdate":true,"matrixWorld":{"elements":[1,0,0,0,0,1,0,0,0,0,1,0,0,0,0,1]},"matrixWorldNeedsUpdate":false,"modelViewMatrix":{"elements":[1,0,0,0,0,1,0,0,0,0,1,0,0,0,0,1]},"name":"场景","normalMatrix":{"elements":[1,0,0,0,1,0,0,0,1]},"parent":null,"position":{"x":0,"y":0,"z":0},"quaternion":{"x":0,"y":0,"z":0,"w":1},"receiveShadow":false,"renderOrder":0,"rotation":{"x":0,"y":0,"z":0,"order":"XYZ"},"scale":{"x":1,"y":1,"z":1},"type":"Scene","up":{"x":0,"y":1,"z":0},"userData":{},"uuid":"45F205D0-CB7C-41BE-8423-B2ACD8A1DCFE","visible":true,"isObject3D":true,"background":{"metadata":{"generator":"CubeTextureSerializer","type":"Object","version":"0.0.1"},"anisotropy":1,"center":{"x":0,"y":0},"encoding":3000,"flipY":false,"format":1022,"generateMipmaps":true,"image":[{"tagName":"img","src":"/Upload/Texture/20181021032908/posX.jpg","width":2048,"height":2048},{"tagName":"img","src":"/Upload/Texture/20181021032908/negX.jpg","width":2048,"height":2048},{"tagName":"img","src":"/Upload/Texture/20181021032908/posY.jpg","width":2048,"height":2048},{"tagName":"img","src":"/Upload/Texture/20181021032908/negY.jpg","width":2048,"height":2048},{"tagName":"img","src":"/Upload/Texture/20181021032908/posZ.jpg","width":2048,"height":2048},{"tagName":"img","src":"/Upload/Texture/20181021032908/negZ.jpg","width":2048,"height":2048}],"magFilter":1006,"mapping":301,"matrix":{"elements":[1,0,0,0,1,0,0,0,1]},"matrixAutoUpdate":true,"minFilter":1008,"mipmaps":[],"name":"","offset":{"x":0,"y":0},"premultiplyAlpha":false,"repeat":{"x":1,"y":1},"rotation":0,"type":1009,"unpackAlignment":4,"uuid":"66C6F2EB-85E2-4305-8B4D-914BC948F02A","version":1,"wrapS":1001,"wrapT":1001,"isTexture":true},"fog":null,"overrideMaterial":null},{"_id":"5c8dfd22c8b49b4b943df698","metadata":{"generator":"AmbientLightSerializer","type":"Object","version":"0.0.1"},"children":[],"frustumCulled":true,"layers":{"mask":1},"matrix":{"elements":[1,0,0,0,0,1,0,0,0,0,1,0,0,0,0,1]},"matrixAutoUpdate":true,"matrixWorld":{"elements":[1,0,0,0,0,1,0,0,0,0,1,0,0,0,0,1]},"matrixWorldNeedsUpdate":false,"modelViewMatrix":{"elements":[1,0,0,0,0,1,0,0,0,0,1,0,0,0,0,1]},"name":"环境光","normalMatrix":{"elements":[1,0,0,0,1,0,0,0,1]},"parent":"45F205D0-CB7C-41BE-8423-B2ACD8A1DCFE","position":{"x":0,"y":0,"z":0},"quaternion":{"x":0,"y":0,"z":0,"w":1},"renderOrder":0,"rotation":{"x":0,"y":0,"z":0,"order":"XYZ"},"scale":{"x":1,"y":1,"z":1},"type":"AmbientLight","up":{"x":0,"y":1,"z":0},"userData":{},"uuid":"16F24B16-EC1C-4E46-BD2C-786FCDF0644E","visible":true,"isObject3D":true,"color":16777215,"intensity":0.798,"isLight":true,"shadow":null,"isAmbientLight":true},{"_id":"5c8dfd22c8b49b4b943df699","metadata":{"generator":"DirectionalLightSerializer","type":"Object","version":"0.0.1"},"castShadow":true,"children":[],"frustumCulled":true,"layers":{"mask":1},"matrix":{"elements":[1,0,0,0,0,1,0,0,0,0,1,0,5,10,7.5,1]},"matrixAutoUpdate":true,"matrixWorld":{"elements":[1,0,0,0,0,1,0,0,0,0,1,0,5,10,7.5,1]},"matrixWorldNeedsUpdate":false,"modelViewMatrix":{"elements":[1,0,0,0,0,1,0,0,0,0,1,0,0,0,0,1]},"name":"平行光","normalMatrix":{"elements":[1,0,0,0,1,0,0,0,1]},"parent":"45F205D0-CB7C-41BE-8423-B2ACD8A1DCFE","position":{"x":5,"y":10,"z":7.5},"quaternion":{"x":0,"y":0,"z":0,"w":1},"renderOrder":0,"rotation":{"x":0,"y":0,"z":0,"order":"XYZ"},"scale":{"x":1,"y":1,"z":1},"type":"DirectionalLight","up":{"x":0,"y":1,"z":0},"userData":{},"uuid":"1667CCAA-52BF-4B4D-8412-F4A5774A5FD4","visible":true,"isObject3D":true,"color":16777215,"intensity":0.968,"isLight":true,"shadow":{"metadata":{"generator":"DirectionalLightShadowSerializer","type":"Object","version":"0.0.1"},"bias":0,"camera":{"metadata":{"generator":"OrthographicCameraSerializer","type":"Object","version":"0.0.1"},"castShadow":false,"children":[],"frustumCulled":true,"layers":{"mask":1},"matrix":{"elements":[0.83205029433784372,2.7755575615628914E-17,-0.554700196225229,0,-0.41202096209968375,0.66953406341198618,-0.61803144314952574,0,0.37139067635410372,0.74278135270820744,0.55708601453115558,0,5,10,7.5,1]},"matrixAutoUpdate":true,"matrixWorld":{"elements":[0.83205029433784372,2.7755575615628914E-17,-0.554700196225229,0,-0.41202096209968375,0.66953406341198618,-0.61803144314952574,0,0.37139067635410372,0.74278135270820744,0.55708601453115558,0,5,10,7.5,1]},"matrixWorldNeedsUpdate":false,"modelViewMatrix":{"elements":[1,0,0,0,0,1,0,0,0,0,1,0,0,0,0,1]},"name":"","normalMatrix":{"elements":[1,0,0,0,1,0,0,0,1]},"parent":null,"position":{"x":5,"y":10,"z":7.5},"quaternion":{"x":-0.38904698186552672,"y":0.26476298577359092,"z":0.1177939480420426,"w":0.87445273918619892},"receiveShadow":false,"renderOrder":0,"rotation":{"x":-0.92729521800161219,"y":0.3805063771123649,"z":0.45979025757734426,"order":"XYZ"},"scale":{"x":1,"y":1,"z":1},"type":"OrthographicCamera","up":{"x":0,"y":1,"z":0},"userData":{},"uuid":"5C29BFD7-E0D5-4559-9A48-64F04E61510E","visible":true,"isObject3D":true,"matrixWorldInverse":{"elements":[0.83205029433784372,-0.41202096209968375,0.37139067635410367,0,-5.5511151231257827E-17,0.66953406341198618,0.74278135270820744,0,-0.55470019622522915,-0.61803144314952574,0.55708601453115558,0,0,0,-13.46291201783626,1]},"projectionMatrix":{"elements":[0.05,0,0,0,0,0.05,0,0,0,0,-0.0040008001600320064,0,0,0,-1.0004000800160033,1]},"bottom":-20,"far":500,"left":-20,"near":0.1,"right":20,"top":20,"view":null,"zoom":1},"map":{"metadata":{"generator":"WebGLRenderTargetSerializer","type":"Object","version":"0.0.1"},"depthBuffer":true,"depthTexture":null,"height":2048,"scissor":{"x":0,"y":0,"z":2048,"w":2048},"scissorTest":false,"stencilBuffer":true,"texture":{"metadata":{"generator":"TextureSerializer","type":"Object","version":"0.0.1"},"anisotropy":1,"center":{"x":0,"y":0},"encoding":3000,"flipY":true,"format":1023,"generateMipmaps":false,"image":null,"magFilter":1003,"mapping":300,"matrix":{"elements":[1,0,0,0,1,0,0,0,1]},"matrixAutoUpdate":true,"minFilter":1003,"mipmaps":[],"name":"平行光.shadowMap","offset":{"x":0,"y":0},"premultiplyAlpha":false,"repeat":{"x":1,"y":1},"rotation":0,"type":1009,"unpackAlignment":4,"uuid":"C273484F-72AE-4C81-9C21-1A00E0389DF1","version":0,"wrapS":1001,"wrapT":1001,"isTexture":true},"viewport":{"x":0,"y":0,"z":2048,"w":2048},"width":2048,"isWebGLRenderTarget":true},"mapSize":{"x":2048,"y":2048},"matrix":{"elements":[0.020801257358446096,-0.010300524052492094,-0.00074292993869594652,0,-1.3877787807814458E-18,0.016738351585299655,-0.0014858598773918933,0,-0.013867504905630729,-0.015450786078738144,-0.00111439490804392,0,0.5,0.5,0.0267311702697264,1]},"radius":0},"isDirectionalLight":true},{"_id":"5c8dfd22c8b49b4b943df69a","metadata":{"generator":"ServerObject","type":"Object","version":"0.0.1"},"castShadow":false,"children":[],"frustumCulled":true,"layers":{"mask":1},"matrix":{"elements":[1,0,0,0,0,1,0,0,0,0,1,0,0,-118.16194141462859,0,1]},"matrixAutoUpdate":true,"matrixWorld":{"elements":[1,0,0,0,0,1,0,0,0,0,1,0,0,-118.16194141462859,0,1]},"matrixWorldNeedsUpdate":false,"modelViewMatrix":{"elements":[0.77149939966309322,0.238845837629294,-0.58969597435173959,0,8.3266726846886716E-17,0.9268596704917984,0.37540797969120809,0,0.63623004984006115,-0.28962703096050174,0.715071679356355,0,-4.0201131842371449,-202.4313260271023,-332.10975562340718,0.99999999999999978]},"name":"寒冰射手","normalMatrix":{"elements":[0.77149939966309333,0.23884583762929404,-0.58969597435173982,-2.7755575615628926E-17,0.92685967049179885,0.37540797969120826,0.63623004984006137,-0.28962703096050191,0.71507167935635518]},"parent":"45F205D0-CB7C-41BE-8423-B2ACD8A1DCFE","position":{"x":0,"y":-118.16194141462859,"z":0},"quaternion":{"x":0,"y":0,"z":0,"w":1},"receiveShadow":false,"renderOrder":0,"rotation":{"x":0,"y":0,"z":0,"order":"XYZ"},"scale":{"x":1,"y":1,"z":1},"type":"Mesh","up":{"x":0,"y":1,"z":0},"userData":{"type":"lol","scripts":[{"id":null,"name":"寒冰射手动画","type":"javascript","source":"var mesh = this.getObjectByName('寒冰射手');\nvar model = mesh.userData.model;\n\n// animNames: attack1,crit,death,idle1,idle2,idle3,idle4,idle5,laugh,run,run2,run3,spell1,spell4,taunt,channel,channel_wndup,dance,joke,attack2,spell3,spell2,taunt_lissandra,taunt_sejuani,spell1_in\nmodel.setAnimation('attack1');\n\nfunction update(clock, deltaTime) { \n    model.update(clock.getElapsedTime() * 1000); \n}","uuid":"6910C3B6-279D-43E0-9572-215C34673B26"}],"physics":{"enabled":false,"type":"rigidBody","shape":"btBoxShape","mass":1,"inertia":{"x":0,"y":0,"z":0}},"ID":"5bb9fd75c8b49e43947f5ad1","Name":"寒冰射手","CategoryID":"5c14636bc8b49a0f001390be","CategoryName":"演示模型","TotalPinYin":"[hanbingsheshou]","FirstPinYin":"[hbss]","Type":"lol","Url":"/Upload/Model/20181007123500/22_0.lmesh;/Upload/Model/20181007123500/22_0.lanim;/Upload/Model/20181007123500/ashe_base_2011_tx_cm.png","FileName":null,"FileSize":0,"FileType":null,"SaveName":null,"SavePath":null,"AddTime":"0001-01-01 00:00:00","Thumbnail":"/Upload/File/20190303200534/QQ截图20181216144140.png","Server":true,"materials":[]},"uuid":"353D69D0-81A5-4D66-ADCD-8940C85FB3C2","visible":true,"isObject3D":true}]